0  0.785398  50  0  0
0.01  0.78401  49.8813  0.353378  0.352888
0.02  0.782616  49.7629  0.706407  0.704448
0.03  0.781217  49.6449  1.05909  1.05468
0.04  0.779813  49.5271  1.41142  1.40359
0.05  0.778403  49.4097  1.76341  1.75118
0.06  0.776988  49.2927  2.11505  2.09745
0.07  0.775568  49.1759  2.46635  2.4424
0.08  0.774142  49.0595  2.81731  2.78603
0.09  0.772711  48.9434  3.16792  3.12835
0.1  0.771275  48.8277  3.5182  3.46936
0.11  0.769833  48.7122  3.86813  3.80906
0.12  0.768386  48.5971  4.21773  4.14745
0.13  0.766933  48.4823  4.56699  4.48453
0.14  0.765475  48.3679  4.91592  4.82032
0.15  0.764011  48.2537  5.26451  5.1548
0.16  0.762542  48.1399  5.61277  5.48798
0.17  0.761067  48.0264  5.96069  5.81986
0.18  0.759587  47.9133  6.30829  6.15045
0.19  0.758101  47.8004  6.65555  6.47974
0.2  0.756609  47.6879  7.00249  6.80775
0.21  0.755112  47.5756  7.34909  7.13446
0.22  0.753609  47.4637  7.69537  7.45989
0.23  0.752101  47.3522  8.04133  7.78403
0.24  0.750586  47.2409  8.38696  8.10688
0.25  0.749067  47.13  8.73226  8.42846
0.26  0.747541  47.0193  9.07725  8.74875
0.27  0.74601  46.909  9.42191  9.06777
0.28  0.744472  46.799  9.76625  9.38551
0.29  0.742929  46.6893  10.1103  9.70197
0.3  0.741381  46.58  10.454  10.0172
0.31  0.739826  46.4709  10.7974  10.3311
0.32  0.738265  46.3622  11.1404  10.6437
0.33  0.736699  46.2537  11.4832  10.9551
0.34  0.735127  46.1456  11.8256  11.2653
0.35  0.733549  46.0378  12.1678  11.5741
0.36  0.731964  45.9303  12.5096  11.8817
0.37  0.730374  45.8231  12.8511  12.188
0.38  0.728778  45.7163  13.1923  12.4931
0.39  0.727176  45.6097  13.5331  12.7969
0.4  0.725568  45.5035  13.8737  13.0995
0.41  0.723954  45.3975  14.214  13.4008
0.42  0.722333  45.2919  14.554  13.7009
0.43  0.720707  45.1866  14.8936  13.9997
0.44  0.719074  45.0815  15.233  14.2973
0.45  0.717435  44.9768  15.572  14.5936
0.46  0.715791  44.8724  15.9108  14.8887
0.47  0.71414  44.7684  16.2492  15.1825
0.48  0.712482  44.6646  16.5873  15.4751
0.49  0.710819  44.5611  16.9252  15.7665
0.5  0.709149  44.4579  17.2627  16.0566
0.51  0.707473  44.3551  17.6  16.3455
0.52  0.705791  44.2525  17.9369  16.6332
0.53  0.704102  44.1502  18.2736  16.9196
0.54  0.702407  44.0483  18.61  17.2048
0.55  0.700706  43.9467  18.946  17.4887
0.56  0.698998  43.8453  19.2818  17.7715
0.57  0.697284  43.7443  19.6173  18.053
0.58  0.695563  43.6436  19.9525  18.3333
0.59  0.693836  43.5431  20.2874  18.6123
0.6  0.692102  43.443  20.622  18.8902
0.61  0.690362  43.3432  20.9563  19.1668
0.62  0.688616  43.2437  21.2904  19.4422
0.63  0.686863  43.1445  21.6241  19.7164
0.64  0.685103  43.0455  21.9576  19.9894
0.65  0.683337  42.9469  22.2908  20.2611
0.66  0.681564  42.8486  22.6237  20.5317
0.67  0.679785  42.7506  22.9563  20.801
0.68  0.677998  42.6529  23.2886  21.0692
0.69  0.676206  42.5555  23.6207  21.3361
0.7  0.674406  42.4584  23.9525  21.6018
0.71  0.6726  42.3616  24.2839  21.8664
0.72  0.670787  42.2651  24.6152  22.1297
0.73  0.668967  42.1689  24.9461  22.3918
0.74  0.667141  42.073  25.2768  22.6527
0.75  0.665308  41.9775  25.6071  22.9125
0.76  0.663467  41.8822  25.9373  23.171
0.77  0.661621  41.7872  26.2671  23.4283
0.78  0.659767  41.6925  26.5967  23.6845
0.79  0.657906  41.5981  26.9259  23.9394
0.8  0.656038  41.504  27.255  24.1932
0.81  0.654164  41.4102  27.5837  24.4457
0.82  0.652282  41.3167  27.9122  24.6971
0.83  0.650394  41.2235  28.2404  24.9473
0.84  0.648498  41.1306  28.5683  25.1964
0.85  0.646596  41.038  28.896  25.4442
0.86  0.644687  40.9457  29.2234  25.6908
0.87  0.64277  40.8537  29.5506  25.9363
0.88  0.640846  40.762  29.8774  26.1806
0.89  0.638916  40.6706  30.2041  26.4237
0.9  0.636978  40.5795  30.5304  26.6657
0.91  0.635033  40.4887  30.8565  26.9064
0.92  0.633081  40.3982  31.1823  27.146
0.93  0.631121  40.308  31.5079  27.3844
0.94  0.629155  40.2181  31.8332  27.6217
0.95  0.627181  40.1285  32.1582  27.8578
0.96  0.6252  40.0392  32.483  28.0927
0.97  0.623212  39.9502  32.8075  28.3265
0.98  0.621216  39.8615  33.1318  28.559
0.99  0.619213  39.7731  33.4558  28.7905
1  0.617203  39.685  33.7796  29.0207
1.01  0.615186  39.6081  34.1031  29.2499
1.02  0.613162  39.5314  34.4265  29.4779
1.03  0.611131  39.455  34.7497  29.7048
1.04  0.609093  39.3788  35.0728  29.9307
1.05  0.607049  39.303  35.3957  30.1554
1.06  0.604997  39.2274  35.7184  30.3791
1.07  0.602939  39.1521  36.041  30.6016
1.08  0.600874  39.0771  36.3634  30.8231
1.09  0.598802  39.0023  36.6856  31.0435
1.1  0.596723  38.9279  37.0077  31.2628
1.11  0.594637  38.8537  37.3296  31.481
1.12  0.592544  38.7797  37.6514  31.6981
1.13  0.590445  38.7061  37.973  31.9141
1.14  0.588338  38.6327  38.2945  32.1291
1.15  0.586224  38.5596  38.6158  32.3429
1.16  0.584104  38.4868  38.9369  32.5557
1.17  0.581976  38.4143  39.2579  32.7674
1.18  0.579841  38.3421  39.5787  32.978
1.19  0.5777  38.2701  39.8994  33.1876
1.2  0.575551  38.1984  40.2199  33.396
1.21  0.573395  38.127  40.5403  33.6034
1.22  0.571232  38.0558  40.8605  33.8097
1.23  0.569062  37.985  41.1805  34.0149
1.24  0.566886  37.9144  41.5005  34.219
1.25  0.564702  37.8441  41.8202  34.4221
1.26  0.56251  37.7741  42.1398  34.6241
1.27  0.560312  37.7044  42.4593  34.825
1.28  0.558107  37.6349  42.7786  35.0249
1.29  0.555895  37.5658  43.0978  35.2236
1.3  0.553675  37.4969  43.4168  35.4213
1.31  0.551448  37.4283  43.7357  35.618
1.32  0.549215  37.3599  44.0544  35.8135
1.33  0.546974  37.2919  44.373  36.008
1.34  0.544726  37.2241  44.6914  36.2014
1.35  0.54247  37.1567  45.0097  36.3938
1.36  0.540208  37.0895  45.3279  36.5851
1.37  0.537938  37.0226  45.6459  36.7753
1.38  0.535662  36.9559  45.9637  36.9645
1.39  0.533378  36.8896  46.2815  37.1526
1.4  0.531086  36.8235  46.599  37.3396
1.41  0.528788  36.7578  46.9165  37.5256
1.42  0.526483  36.6923  47.2338  37.7105
1.43  0.52417  36.6271  47.551  37.8943
1.44  0.52185  36.5621  47.868  38.0771
1.45  0.519523  36.4975  48.1849  38.2588
1.46  0.517188  36.4332  48.5016  38.4395
1.47  0.514846  36.3691  48.8182  38.6191
1.48  0.512498  36.3053  49.1347  38.7977
1.49  0.510141  36.2418  49.4511  38.9752
1.5  0.507778  36.1787  49.7673  39.1516
1.51  0.505407  36.1157  50.0833  39.327
1.52  0.503029  36.0531  50.3993  39.5013
1.53  0.500644  35.9908  50.7151  39.6746
1.54  0.498252  35.9287  51.0307  39.8468
1.55  0.495852  35.867  51.3463  40.018
1.56  0.493446  35.8055  51.6617  40.1881
1.57  0.491031  35.7443  51.977  40.3572
1.58  0.48861  35.6835  52.2921  40.5252
1.59  0.486181  35.6229  52.6071  40.6922
1.6  0.483745  35.5626  52.922  40.8581
1.61  0.481302  35.5025  53.2368  41.023
1.62  0.478852  35.4428  53.5514  41.1868
1.63  0.476394  35.3834  53.8659  41.3496
1.64  0.473929  35.3243  54.1803  41.5113
1.65  0.471457  35.2654  54.4945  41.672
1.66  0.468978  35.2069  54.8086  41.8317
1.67  0.466491  35.1486  55.1226  41.9903
1.68  0.463997  35.0907  55.4365  42.1479
1.69  0.461496  35.033  55.7502  42.3044
1.7  0.458988  34.9756  56.0639  42.4598
1.71  0.456472  34.9185  56.3774  42.6143
1.72  0.45395  34.8617  56.6907  42.7677
1.73  0.45142  34.8053  57.004  42.92
1.74  0.448882  34.7491  57.3171  43.0713
1.75  0.446338  34.6932  57.6301  43.2216
1.76  0.443786  34.6376  57.943  43.3709
1.77  0.441227  34.5823  58.2558  43.5191
1.78  0.438661  34.5273  58.5684  43.6662
1.79  0.436088  34.4726  58.8809  43.8124
1.8  0.433508  34.4182  59.1933  43.9575
1.81  0.43092  34.3641  59.5056  44.1015
1.82  0.428326  34.3103  59.8178  44.2445
1.83  0.425724  34.2568  60.1298  44.3865
1.84  0.423115  34.2036  60.4418  44.5275
1.85  0.420499  34.1507  60.7536  44.6674
1.86  0.417876  34.0981  61.0653  44.8063
1.87  0.415245  34.0458  61.3769  44.9442
1.88  0.412608  33.9938  61.6883  45.081
1.89  0.409963  33.9421  61.9997  45.2168
1.9  0.407312  33.8907  62.3109  45.3516
1.91  0.404653  33.8396  62.622  45.4853
1.92  0.401988  33.7888  62.933  45.618
1.93  0.399315  33.7383  63.2439  45.7497
1.94  0.396635  33.6881  63.5547  45.8804
1.95  0.393948  33.6383  63.8654  46.01
1.96  0.391255  33.5887  64.176  46.1386
1.97  0.388554  33.5394  64.4864  46.2662
1.98  0.385847  33.4905  64.7967  46.3927
1.99  0.383132  33.4418  65.107  46.5182
2  0.380411  33.3935  65.4171  46.6427
2.01  0.377682  33.3351  65.727  46.7662
2.02  0.374945  33.2771  66.0368  46.8886
2.03  0.372201  33.2194  66.3463  47.0099
2.04  0.369449  33.1621  66.6557  47.1302
2.05  0.366689  33.105  66.9648  47.2494
2.06  0.363922  33.0483  67.2738  47.3676
2.07  0.361147  32.9919  67.5825  47.4847
2.08  0.358365  32.9359  67.8911  47.6008
2.09  0.355574  32.8802  68.1994  47.7157
2.1  0.352776  32.8248  68.5075  47.8297
2.11  0.349971  32.7697  68.8155  47.9426
2.12  0.347158  32.715  69.1232  48.0544
2.13  0.344337  32.6606  69.4307  48.1652
2.14  0.341509  32.6065  69.7381  48.2749
2.15  0.338673  32.5528  70.0452  48.3836
2.16  0.33583  32.4993  70.3521  48.4912
2.17  0.332979  32.4463  70.6589  48.5978
2.18  0.330121  32.3935  70.9654  48.7033
2.19  0.327255  32.3411  71.2718  48.8078
2.2  0.324382  32.289  71.5779  48.9112
2.21  0.321502  32.2373  71.8839  49.0136
2.22  0.318614  32.1859  72.1896  49.115
2.23  0.315719  32.1348  72.4952  49.2153
2.24  0.312816  32.0841  72.8005  49.3145
2.25  0.309906  32.0336  73.1057  49.4127
2.26  0.306989  31.9836  73.4107  49.5099
2.27  0.304065  31.9338  73.7155  49.606
2.28  0.301133  31.8844  74.0201  49.7011
2.29  0.298194  31.8354  74.3245  49.7952
2.3  0.295248  31.7867  74.6287  49.8882
2.31  0.292295  31.7383  74.9327  49.9802
2.32  0.289334  31.6902  75.2365  50.0711
2.33  0.286367  31.6425  75.5402  50.161
2.34  0.283392  31.5951  75.8436  50.2499
2.35  0.280411  31.5481  76.1469  50.3377
2.36  0.277422  31.5014  76.4499  50.4245
2.37  0.274427  31.4551  76.7528  50.5102
2.38  0.271424  31.4091  77.0555  50.595
2.39  0.268415  31.3634  77.358  50.6787
2.4  0.265399  31.3181  77.6603  50.7613
2.41  0.262376  31.2731  77.9624  50.843
2.42  0.259346  31.2284  78.2644  50.9236
2.43  0.256309  31.1841  78.5661  51.0031
2.44  0.253266  31.1402  78.8677  51.0817
2.45  0.250216  31.0966  79.169  51.1592
2.46  0.247159  31.0533  79.4702  51.2357
2.47  0.244096  31.0103  79.7712  51.3111
2.48  0.241026  30.9678  80.072  51.3856
2.49  0.23795  30.9255  80.3727  51.459
2.5  0.234867  30.8836  80.6731  51.5313
2.51  0.231778  30.8421  80.9734  51.6027
2.52  0.228682  30.8009  81.2735  51.673
2.53  0.22558  30.76  81.5734  51.7424
2.54  0.222472  30.7195  81.8731  51.8106
2.55  0.219357  30.6793  82.1726  51.8779
2.56  0.216236  30.6395  82.472  51.9442
2.57  0.213109  30.6  82.7711  52.0094
2.58  0.209976  30.5609  83.0701  52.0736
2.59  0.206836  30.5221  83.3689  52.1368
2.6  0.203691  30.4837  83.6676  52.199
2.61  0.20054  30.4456  83.966  52.2601
2.62  0.197382  30.4079  84.2643  52.3203
2.63  0.194219  30.3705  84.5624  52.3794
2.64  0.19105  30.3335  84.8603  52.4375
2.65  0.187875  30.2968  85.158  52.4946
2.66  0.184695  30.2605  85.4555  52.5507
2.67  0.181508  30.2245  85.7529  52.6057
2.68  0.178316  30.1889  86.0501  52.6598
2.69  0.175119  30.1536  86.3471  52.7128
2.7  0.171916  30.1186  86.6439  52.7649
2.71  0.168707  30.0841  86.9406  52.8159
2.72  0.165493  30.0498  87.2371  52.8659
2.73  0.162274  30.016  87.5334  52.9149
2.74  0.159049  29.9824  87.8295  52.9629
2.75  0.155819  29.9493  88.1255  53.0099
2.76  0.152584  29.9164  88.4212  53.0558
2.77  0.149344  29.884  88.7168  53.1008
2.78  0.146098  29.8518  89.0123  53.1448
2.79  0.142848  29.8201  89.3075  53.1877
2.8  0.139593  29.7887  89.6026  53.2297
2.81  0.136332  29.7576  89.8975  53.2706
2.82  0.133067  29.7269  90.1922  53.3105
2.83  0.129797  29.6966  90.4868  53.3495
2.84  0.126523  29.6666  90.7812  53.3874
2.85  0.123243  29.6369  91.0754  53.4244
2.86  0.119959  29.6076  91.3694  53.4603
2.87  0.116671  29.5787  91.6633  53.4952
2.88  0.113378  29.5501  91.957  53.5292
2.89  0.110081  29.5219  92.2505  53.5621
2.9  0.106779  29.494  92.5438  53.594
2.91  0.103473  29.4665  92.837  53.6249
2.92  0.100163  29.4393  93.13  53.6549
2.93  0.0968489  29.4125  93.4228  53.6838
2.94  0.0935306  29.386  93.7155  53.7118
2.95  0.0902083  29.3599  94.008  53.7387
2.96  0.086882  29.3342  94.3003  53.7647
2.97  0.0835519  29.3088  94.5925  53.7896
2.98  0.080218  29.2838  94.8844  53.8136
2.99  0.0768803  29.2591  95.1762  53.8366
3  0.073539  29.2347  95.4679  53.8585
3.01  0.0701946  29.2203  95.7594  53.8795
3.02  0.0668479  29.2063  96.0509  53.8995
3.03  0.0634988  29.1926  96.3422  53.9185
3.04  0.0601474  29.1792  96.6335  53.9366
3.05  0.0567938  29.1662  96.9248  53.9536
3.06  0.0534381  29.1535  97.2159  53.9697
3.07  0.0500804  29.1411  97.507  53.9848
3.08  0.0467207  29.1291  97.798  53.9989
3.09  0.0433591  29.1174  98.0889  54.012
3.1  0.0399957  29.1061  98.3798  54.0241
3.11  0.0366305  29.0951  98.6706  54.0352
3.12  0.0332637  29.0844  98.9613  54.0454
3.13  0.0298953  29.0741  99.252  54.0546
3.14  0.0265253  29.0641  99.5425  54.0628
3.15  0.023154  29.0545  99.833  54.07
3.16  0.0197812  29.0452  100.123  54.0762
3.17  0.0164072  29.0362  100.414  54.0815
3.18  0.013032  29.0276  100.704  54.0858
3.19  0.00965559  29.0193  100.994  54.0891
3.2  0.00627817  29.0113  101.284  54.0914
3.21  0.00289977  29.0037  101.575  54.0927
3.22  -0.000479528  28.9964  101.865  54.0931
3.23  -0.00385965  28.9895  102.154  54.0924
3.24  -0.00724052  28.9829  102.444  54.0908
3.25  -0.0106221  28.9766  102.734  54.0882
3.26  -0.0140042  28.9707  103.024  54.0847
3.27  -0.0173868  28.9651  103.313  54.0801
3.28  -0.0207699  28.9598  103.603  54.0746
3.29  -0.0241533  28.9549  103.893  54.0681
3.3  -0.0275371  28.9503  104.182  54.0606
3.31  -0.030921  28.946  104.471  54.0521
3.32  -0.034305  28.9421  104.761  54.0427
3.33  -0.0376891  28.9385  105.05  54.0323
3.34  -0.0410732  28.9353  105.339  54.0209
3.35  -0.0444571  28.9323  105.628  54.0085
3.36  -0.0478409  28.9297  105.917  53.9952
3.37  -0.0512244  28.9275  106.206  53.9809
3.38  -0.0546075  28.9255  106.495  53.9656
3.39  -0.0579903  28.9239  106.784  53.9493
3.4  -0.0613725  28.9226  107.072  53.932
3.41  -0.0647542  28.9217  107.361  53.9138
3.42  -0.0681352  28.9211  107.65  53.8946
3.43  -0.0715155  28.9208  107.938  53.8744
3.44  -0.074895  28.9208  108.227  53.8533
3.45  -0.0782736  28.9212  108.515  53.8311
3.46  -0.0816513  28.9219  108.803  53.808
3.47  -0.0850279  28.9229  109.091  53.784
3.48  -0.0884034  28.9242  109.38  53.7589
3.49  -0.0917777  28.9259  109.668  53.7329
3.5  -0.0951508  28.9279  109.956  53.7059
3.51  -0.0985225  28.9302  110.244  53.6779
3.52  -0.101893  28.9328  110.531  53.649
3.53  -0.105262  28.9358  110.819  53.6191
3.54  -0.108629  28.9391  111.107  53.5882
3.55  -0.111995  28.9427  111.395  53.5563
3.56  -0.115358  28.9466  111.682  53.5235
3.57  -0.118721  28.9508  111.97  53.4897
3.58  -0.122081  28.9554  112.257  53.4549
3.59  -0.125439  28.9603  112.544  53.4192
3.6  -0.128796  28.9655  112.832  53.3824
3.61  -0.13215  28.971  113.119  53.3448
3.62  -0.135502  28.9768  113.406  53.3061
3.63  -0.138852  28.983  113.693  53.2665
3.64  -0.142199  28.9895  113.98  53.2259
3.65  -0.145545  28.9962  114.267  53.1843
3.66  -0.148887  29.0033  114.554  53.1418
3.67  -0.152228  29.0107  114.841  53.0983
3.68  -0.155565  29.0184  115.127  53.0538
3.69  -0.1589  29.0265  115.414  53.0083
3.7  -0.162233  29.0348  115.701  52.9619
3.71  -0.165562  29.0435  115.987  52.9145
3.72  -0.168889  29.0524  116.274  52.8662
3.73  -0.172213  29.0617  116.56  52.8169
3.74  -0.175533  29.0712  116.846  52.7666
3.75  -0.178851  29.0811  117.132  52.7153
3.76  -0.182166  29.0913  117.419  52.6631
3.77  -0.185477  29.1018  117.705  52.6099
3.78  -0.188785  29.1126  117.991  52.5558
3.79  -0.19209  29.1237  118.277  52.5007
3.8  -0.195391  29.1351  118.562  52.4446
3.81  -0.198689  29.1468  118.848  52.3875
3.82  -0.201984  29.1588  119.134  52.3295
3.83  -0.205274  29.171  119.42  52.2705
3.84  -0.208561  29.1836  119.705  52.2106
3.85  -0.211845  29.1965  119.991  52.1497
3.86  -0.215124  29.2097  120.276  52.0878
3.87  -0.2184  29.2232  120.561  52.025
3.88  -0.221672  29.237  120.847  51.9612
3.89  -0.22494  29.251  121.132  51.8964
3.9  -0.228204  29.2654  121.417  51.8307
3.91  -0.231464  29.2801  121.702  51.764
3.92  -0.234719  29.295  121.987  51.6964
3.93  -0.237971  29.3102  122.272  51.6277
3.94  -0.241218  29.3258  122.556  51.5582
3.95  -0.244461  29.3416  122.841  51.4876
3.96  -0.247699  29.3577  123.126  51.4161
3.97  -0.250933  29.374  123.41  51.3437
3.98  -0.254163  29.3907  123.695  51.2703
3.99  -0.257388  29.4077  123.979  51.1959
4  -0.260608  29.4249  124.264  51.1205
4.01  -0.263824  29.4331  124.548  51.0443
4.02  -0.267037  29.4416  124.832  50.967
4.03  -0.270246  29.4505  125.116  50.8889
4.04  -0.273451  29.4596  125.4  50.8098
4.05  -0.276652  29.469  125.683  50.7298
4.06  -0.279849  29.4787  125.967  50.6488
4.07  -0.283042  29.4886  126.25  50.5669
4.08  -0.286231  29.4989  126.533  50.4841
4.09  -0.289416  29.5095  126.816  50.4003
4.1  -0.292597  29.5203  127.099  50.3157
4.11  -0.295773  29.5314  127.381  50.23
4.12  -0.298945  29.5428  127.664  50.1435
4.13  -0.302113  29.5545  127.946  50.056
4.14  -0.305277  29.5665  128.228  49.9676
4.15  -0.308436  29.5788  128.51  49.8783
4.16  -0.31159  29.5913  128.792  49.7881
4.17  -0.314741  29.6041  129.073  49.6969
4.18  -0.317886  29.6172  129.355  49.6048
4.19  -0.321027  29.6306  129.636  49.5117
4.2  -0.324163  29.6442  129.917  49.4178
4.21  -0.327294  29.6581  130.198  49.3229
4.22  -0.330421  29.6723  130.479  49.2271
4.23  -0.333542  29.6868  130.759  49.1303
4.24  -0.336659  29.7016  131.04  49.0327
4.25  -0.339771  29.7166  131.32  48.9341
4.26  -0.342878  29.7318  131.6  48.8346
4.27  -0.345979  29.7474  131.88  48.7342
4.28  -0.349076  29.7632  132.16  48.6329
4.29  -0.352167  29.7793  132.439  48.5306
4.3  -0.355254  29.7956  132.719  48.4274
4.31  -0.358335  29.8123  132.998  48.3233
4.32  -0.361411  29.8291  133.277  48.2183
4.33  -0.364481  29.8463  133.556  48.1124
4.34  -0.367546  29.8637  133.835  48.0055
4.35  -0.370606  29.8813  134.113  47.8978
4.36  -0.37366  29.8992  134.392  47.7891
4.37  -0.376709  29.9174  134.67  47.6795
4.38  -0.379752  29.9358  134.948  47.569
4.39  -0.38279  29.9545  135.226  47.4575
4.4  -0.385822  29.9734  135.504  47.3452
4.41  -0.388848  29.9926  135.782  47.232
4.42  -0.391869  30.0121  136.059  47.1178
4.43  -0.394884  30.0318  136.336  47.0027
4.44  -0.397893  30.0517  136.613  46.8867
4.45  -0.400896  30.0719  136.89  46.7698
4.46  -0.403894  30.0923  137.167  46.652
4.47  -0.406886  30.113  137.444  46.5333
4.48  -0.409871  30.1339  137.72  46.4137
4.49  -0.412851  30.1551  137.997  46.2931
4.5  -0.415825  30.1765  138.273  46.1717
4.51  -0.418793  30.1981  138.549  46.0493
4.52  -0.421754  30.22  138.824  45.9261
4.53  -0.42471  30.2421  139.1  45.8019
4.54  -0.42766  30.2645  139.376  45.6769
4.55  -0.430603  30.2871  139.651  45.5509
4.56  -0.43354  30.3099  139.926  45.424
4.57  -0.436471  30.333  140.201  45.2962
4.58  -0.439396  30.3563  140.476  45.1676
4.59  -0.442315  30.3798  140.75  45.038
4.6  -0.445227  30.4036  141.025  44.9075
4.61  -0.448133  30.4275  141.299  44.7761
4.62  -0.451032  30.4518  141.573  44.6438
4.63  -0.453926  30.4762  141.847  44.5106
4.64  -0.456812  30.5009  142.121  44.3765
4.65  -0.459693  30.5257  142.395  44.2415
4.66  -0.462567  30.5509  142.668  44.1057
4.67  -0.465434  30.5762  142.942  43.9689
4.68  -0.468295  30.6017  143.215  43.8312
4.69  -0.471149  30.6275  143.488  43.6926
4.7  -0.473997  30.6535  143.761  43.5532
4.71  -0.476838  30.6797  144.033  43.4128
4.72  -0.479673  30.7061  144.306  43.2715
4.73  -0.482501  30.7328  144.578  43.1294
4.74  -0.485323  30.7596  144.85  42.9863
4.75  -0.488137  30.7867  145.122  42.8424
4.76  -0.490945  30.8139  145.394  42.6976
4.77  -0.493747  30.8414  145.666  42.5519
4.78  -0.496542  30.8691  145.937  42.4052
4.79  -0.499329  30.897  146.208  42.2577
4.8  -0.502111  30.9251  146.48  42.1093
4.81  -0.504885  30.9534  146.751  41.9601
4.82  -0.507653  30.9819  147.021  41.8099
4.83  -0.510414  31.0106  147.292  41.6588
4.84  -0.513168  31.0395  147.563  41.5069
4.85  -0.515915  31.0686  147.833  41.3541
4.86  -0.518655  31.0979  148.103  41.2004
4.87  -0.521388  31.1274  148.373  41.0458
4.88  -0.524115  31.1571  148.643  40.8903
4.89  -0.526835  31.187  148.913  40.7339
4.9  -0.529548  31.217  149.182  40.5767
4.91  -0.532253  31.2473  149.451  40.4185
4.92  -0.534952  31.2778  149.721  40.2595
4.93  -0.537644  31.3084  149.99  40.0996
4.94  -0.540329  31.3393  150.258  39.9389
4.95  -0.543008  31.3703  150.527  39.7772
4.96  -0.545679  31.4015  150.796  39.6147
4.97  -0.548343  31.4329  151.064  39.4513
4.98  -0.551  31.4645  151.332  39.287
4.99  -0.55365  31.4962  151.6  39.1218
5  -0.556293  31.5282  151.868  38.9558
5.01  -0.558929  31.5689  152.136  38.7888
5.02  -0.561557  31.6099  152.403  38.6209
5.03  -0.564177  31.6509  152.671  38.4522
5.04  -0.56679  31.6922  152.938  38.2825
5.05  -0.569395  31.7336  153.205  38.1118
5.06  -0.571992  31.7751  153.473  37.9403
5.07  -0.574581  31.8168  153.74  37.7678
5.08  -0.577163  31.8587  154.007  37.5945
5.09  -0.579737  31.9007  154.274  37.4202
5.1  -0.582303  31.9429  154.541  37.2449
5.11  -0.584862  31.9853  154.807  37.0688
5.12  -0.587412  32.0277  155.074  36.8918
5.13  -0.589956  32.0704  155.341  36.7138
5.14  -0.592491  32.1132  155.607  36.5349
5.15  -0.595019  32.1561  155.873  36.3552
5.16  -0.597539  32.1992  156.14  36.1745
5.17  -0.600051  32.2424  156.406  35.9928
5.18  -0.602556  32.2858  156.672  35.8103
5.19  -0.605053  32.3293  156.938  35.6269
5.2  -0.607542  32.3729  157.204  35.4425
5.21  -0.610024  32.4167  157.469  35.2573
5.22  -0.612498  32.4606  157.735  35.0711
5.23  -0.614964  32.5047  158  34.884
5.24  -0.617423  32.5489  158.266  34.6961
5.25  -0.619874  32.5932  158.531  34.5072
5.26  -0.622318  32.6377  158.797  34.3174
5.27  -0.624754  32.6823  159.062  34.1267
5.28  -0.627182  32.727  159.327  33.9351
5.29  -0.629603  32.7719  159.592  33.7425
5.3  -0.632016  32.8169  159.856  33.5491
5.31  -0.634422  32.862  160.121  33.3548
5.32  -0.63682  32.9072  160.386  33.1596
5.33  -0.63921  32.9526  160.65  32.9634
5.34  -0.641593  32.9981  160.915  32.7664
5.35  -0.643969  33.0437  161.179  32.5685
5.36  -0.646337  33.0895  161.443  32.3696
5.37  -0.648698  33.1353  161.707  32.1699
5.38  -0.651051  33.1813  161.971  31.9693
5.39  -0.653396  33.2274  162.235  31.7677
5.4  -0.655734  33.2736  162.499  31.5653
5.41  -0.658065  33.32  162.763  31.362
5.42  -0.660388  33.3664  163.026  31.1577
5.43  -0.662704  33.413  163.29  30.9526
5.44  -0.665013  33.4596  163.553  30.7466
5.45  -0.667314  33.5064  163.816  30.5397
5.46  -0.669607  33.5533  164.079  30.3319
5.47  -0.671894  33.6003  164.342  30.1231
5.48  -0.674173  33.6474  164.605  29.9135
5.49  -0.676445  33.6947  164.868  29.7031
5.5  -0.678709  33.742  165.131  29.4917
5.51  -0.680966  33.7894  165.393  29.2794
5.52  -0.683216  33.8369  165.656  29.0662
5.53  -0.685458  33.8846  165.918  28.8522
5.54  -0.687694  33.9323  166.181  28.6372
5.55  -0.689922  33.9802  166.443  28.4214
5.56  -0.692143  34.0281  166.705  28.2047
5.57  -0.694356  34.0761  166.967  27.9871
5.58  -0.696563  34.1243  167.228  27.7686
5.59  -0.698762  34.1725  167.49  27.5492
5.6  -0.700954  34.2208  167.752  27.3289
5.61  -0.703139  34.2692  168.013  27.1078
5.62  -0.705317  34.3177  168.275  26.8858
5.63  -0.707488  34.3663  168.536  26.6629
5.64  -0.709651  34.415  168.797  26.4391
5.65  -0.711808  34.4638  169.058  26.2144
5.66  -0.713958  34.5127  169.319  25.9888
5.67  -0.7161  34.5616  169.58  25.7624
5.68  -0.718236  34.6107  169.84  25.5351
5.69  -0.720364  34.6598  170.101  25.3069
5.7  -0.722486  34.709  170.361  25.0778
5.71  -0.7246  34.7583  170.622  24.8478
5.72  -0.726708  34.8077  170.882  24.617
5.73  -0.728809  34.8571  171.142  24.3853
5.74  -0.730903  34.9067  171.402  24.1527
5.75  -0.732989  34.9563  171.662  23.9193
5.76  -0.73507  35.006  171.921  23.6849
5.77  -0.737143  35.0558  172.181  23.4497
5.78  -0.739209  35.1056  172.441  23.2137
5.79  -0.741269  35.1555  172.7  22.9767
5.8  -0.743322  35.2055  172.959  22.7389
5.81  -0.745368  35.2556  173.218  22.5002
5.82  -0.747407  35.3058  173.477  22.2607
5.83  -0.749439  35.356  173.736  22.0203
5.84  -0.751465  35.4063  173.995  21.779
5.85  -0.753484  35.4566  174.254  21.5368
5.86  -0.755497  35.507  174.512  21.2938
5.87  -0.757502  35.5575  174.771  21.0499
5.88  -0.759502  35.6081  175.029  20.8052
5.89  -0.761494  35.6587  175.287  20.5595
5.9  -0.76348  35.7094  175.545  20.3131
5.91  -0.765459  35.7602  175.803  20.0657
5.92  -0.767432  35.811  176.061  19.8175
5.93  -0.769398  35.8618  176.318  19.5685
5.94  -0.771358  35.9128  176.576  19.3185
5.95  -0.773311  35.9638  176.833  19.0678
5.96  -0.775258  36.0148  177.091  18.8161
5.97  -0.777198  36.066  177.348  18.5636
5.98  -0.779132  36.1171  177.605  18.3103
5.99  -0.78106  36.1683  177.862  18.0561
6  -0.782981  36.2196  178.119  17.801
6.01  -0.784896  36.2628  178.375  17.5451
6.02  -0.786805  36.306  178.632  17.2884
6.03  -0.788708  36.3493  178.888  17.0309
6.04  -0.790605  36.3926  179.144  16.7727
6.05  -0.792496  36.4361  179.4  16.5136
6.06  -0.794381  36.4795  179.656  16.2537
6.07  -0.796261  36.5231  179.911  15.9931
6.08  -0.798135  36.5667  180.166  15.7316
6.09  -0.800002  36.6104  180.422  15.4694
6.1  -0.801865  36.6542  180.677  15.2064
6.11  -0.803721  36.698  180.931  14.9426
6.12  -0.805571  36.7418  181.186  14.678
6.13  -0.807416  36.7858  181.44  14.4126
6.14  -0.809255  36.8298  181.695  14.1464
6.15  -0.811088  36.8738  181.949  13.8795
6.16  -0.812916  36.918  182.203  13.6117
6.17  -0.814738  36.9621  182.456  13.3432
6.18  -0.816554  37.0064  182.71  13.0739
6.19  -0.818364  37.0506  182.963  12.8038
6.2  -0.820169  37.095  183.216  12.5329
6.21  -0.821968  37.1394  183.469  12.2613
6.22  -0.823762  37.1838  183.722  11.9888
6.23  -0.82555  37.2284  183.974  11.7156
6.24  -0.827332  37.2729  184.227  11.4416
6.25  -0.829109  37.3175  184.479  11.1669
6.26  -0.83088  37.3622  184.731  10.8913
6.27  -0.832646  37.4069  184.983  10.615
6.28  -0.834406  37.4517  185.234  10.3379
6.29  -0.836161  37.4965  185.486  10.0601
6.3  -0.83791  37.5413  185.737  9.78143
6.31  -0.839654  37.5863  185.988  9.50202
6.32  -0.841392  37.6312  186.239  9.22183
6.33  -0.843125  37.6762  186.49  8.94088
6.34  -0.844852  37.7213  186.74  8.65916
6.35  -0.846574  37.7664  186.991  8.37667
6.36  -0.848291  37.8115  187.241  8.09341
6.37  -0.850002  37.8567  187.491  7.80938
6.38  -0.851708  37.9019  187.74  7.52459
6.39  -0.853408  37.9472  187.99  7.23903
6.4  -0.855103  37.9925  188.239  6.95271
6.41  -0.856793  38.0378  188.488  6.66562
6.42  -0.858478  38.0832  188.737  6.37777
6.43  -0.860157  38.1286  188.986  6.08915
6.44  -0.861831  38.1741  189.235  5.79978
6.45  -0.8635  38.2196  189.483  5.50964
6.46  -0.865163  38.2651  189.732  5.21875
6.47  -0.866821  38.3107  189.98  4.92709
6.48  -0.868475  38.3563  190.228  4.63468
6.49  -0.870122  38.402  190.475  4.34151
6.5  -0.871765  38.4476  190.723  4.04759
6.51  -0.873403  38.4934  190.97  3.75291
6.52  -0.875035  38.5391  191.217  3.45747
6.53  -0.876663  38.5849  191.464  3.16128
6.54  -0.878285  38.6307  191.711  2.86434
6.55  -0.879902  38.6765  191.957  2.56664
6.56  -0.881514  38.7224  192.204  2.2682
6.57  -0.883121  38.7683  192.45  1.969
6.58  -0.884723  38.8143  192.696  1.66905
6.59  -0.88632  38.8602  192.942  1.36836
6.6  -0.887912  38.9062  193.187  1.06691
6.61  -0.889499  38.9522  193.433  0.764722
6.62  -0.891081  38.9983  193.678  0.461785
6.63  -0.892658  39.0443  193.923  0.158103
6.64  -0.89423  39.0904  194.168  -0.146324
