0 0 0
0.001 0.0492404 0.00865762
0.002 0.147721 0.0664565
0.003 0.295442 0.173322
0.004 0.492404 0.32918
0.005 0.738606 0.533957
0.006 1.03405 0.787577
0.007 1.37873 1.08997
0.008 1.77265 1.44105
0.009 2.21582 1.84076
0.01 2.70822 2.28901
0.011 3.24987 2.78573
0.012 3.84075 3.33085
0.013 4.48088 3.9243
0.014 5.17024 4.56599
0.015 5.90885 5.25585
0.016 6.69669 5.99382
0.017 7.53378 6.77982
0.018 8.42011 7.61376
0.019 9.35567 8.49558
0.02 10.3405 9.4252
0.021 11.3745 10.4026
0.022 12.4578 11.4276
0.023 13.5903 12.5001
0.024 14.7721 13.6202
0.025 16.0031 14.7878
0.026 17.2834 16.0026
0.027 18.6129 17.2648
0.028 19.9916 18.5742
0.029 21.4196 19.9307
0.03 22.8968 21.3342
0.031 24.4232 22.7848
0.032 25.9989 24.2822
0.033 27.6239 25.8265
0.034 29.298 27.4176
0.035 31.0214 29.0553
0.036 32.7941 30.7397
0.037 34.616 32.4706
0.038 36.4871 34.2479
0.039 38.4075 36.0717
0.04 40.3771 37.9417
0.041 42.396 39.858
0.042 44.4641 41.8205
0.043 46.5814 43.8291
0.044 48.748 45.8836
0.045 50.9638 47.9842
0.046 53.2289 50.1306
0.047 55.5432 52.3228
0.048 57.9068 54.5607
0.049 60.3195 56.8442
0.05 62.7816 59.1734
0.051 65.2929 61.548
0.052 67.8534 63.9681
0.053 70.4631 66.4335
0.054 73.1221 68.9442
0.055 75.8304 71.5
0.056 78.5879 74.1011
0.057 81.3946 76.7471
0.058 84.2506 79.4382
0.059 87.1558 82.1741
0.06 90.1103 84.9549
0.061 93.114 87.7805
0.062 96.1669 90.6507
0.063 99.2691 93.5655
0.064 102.421 96.5249
0.065 105.621 99.5287
0.066 108.871 102.577
0.067 112.17 105.669
0.068 115.519 108.806
0.069 118.916 111.987
0.07 122.363 115.212
0.071 125.86 118.481
0.072 129.405 121.794
0.073 133 125.151
0.074 136.643 128.552
0.075 140.337 131.996
0.076 144.079 135.484
0.077 147.871 139.015
0.078 151.711 142.591
0.079 155.602 146.209
0.08 159.541 149.871
0.081 163.529 153.576
0.082 167.567 157.324
0.083 171.654 161.116
0.084 175.791 164.95
0.085 179.976 168.827
0.086 184.211 172.748
0.087 188.495 176.711
0.088 192.828 180.717
0.089 197.211 184.765
0.09 201.643 188.856
0.091 206.124 192.99
0.092 210.654 197.166
0.093 215.234 201.385
0.094 219.862 205.645
0.095 224.54 209.948
0.096 229.268 214.294
0.097 234.044 218.681
0.098 238.87 223.11
0.099 243.745 227.581
0.1 248.669 232.094
0.101 253.643 236.649
0.102 258.665 241.246
0.103 263.737 245.884
0.104 268.858 250.564
0.105 274.029 255.285
0.106 279.249 260.048
0.107 284.517 264.852
0.108 289.836 269.697
0.109 295.203 274.583
0.11 300.62 279.511
0.111 306.086 284.479
0.112 311.601 289.489
0.113 317.165 294.539
0.114 322.779 299.63
0.115 328.442 304.762
0.116 334.154 309.935
0.117 339.915 315.148
0.118 345.726 320.402
0.119 351.586 325.696
0.12 357.495 331.031
0.121 363.453 336.406
0.122 369.46 341.821
0.123 375.517 347.276
0.124 381.623 352.771
0.125 387.779 358.306
0.126 393.983 363.882
0.127 400.237 369.497
0.128 406.54 375.151
0.129 412.892 380.846
0.13 419.294 386.58
0.131 425.745 392.354
0.132 432.244 398.167
0.133 438.794 404.019
0.134 445.392 409.911
0.135 452.04 415.842
0.136 458.737 421.813
0.137 465.483 427.822
0.138 472.279 433.871
0.139 479.123 439.958
0.14 486.017 446.084
0.141 492.96 452.249
0.142 499.953 458.453
0.143 506.994 464.696
0.144 514.085 470.977
0.145 521.225 477.296
0.146 528.415 483.654
0.147 535.654 490.051
0.148 542.941 496.485
0.149 550.278 502.958
0.15 557.665 509.469
0.151 565.1 516.018
0.152 572.585 522.605
0.153 580.119 529.23
0.154 587.703 535.893
0.155 595.335 542.594
0.156 603.017 549.332
0.157 610.748 556.108
0.158 618.528 562.921
0.159 626.358 569.772
0.16 634.237 576.66
0.161 642.165 583.586
0.162 650.142 590.549
0.163 658.169 597.549
0.164 666.244 604.586
0.165 674.369 611.66
0.166 682.544 618.771
0.167 690.767 625.919
0.168 699.04 633.104
0.169 707.362 640.325
0.17 715.733 647.583
0.171 724.153 654.878
0.172 732.623 662.209
0.173 741.142 669.577
0.174 749.71 676.981
0.175 758.328 684.421
0.176 766.994 691.898
0.177 775.71 699.41
0.178 784.475 706.959
0.179 793.29 714.543
0.18 802.153 722.164
0.181 811.066 729.82
0.182 820.028 737.512
0.183 829.04 745.24
0.184 838.1 753.003
0.185 847.21 760.802
0.186 856.369 768.637
0.187 865.578 776.507
0.188 874.835 784.412
0.189 884.142 792.352
0.19 893.498 800.327
0.191 902.903 808.338
0.192 912.358 816.384
0.193 921.862 824.464
0.194 931.415 832.579
0.195 941.017 840.73
0.196 950.668 848.915
0.197 960.369 857.134
0.198 970.119 865.388
0.199 979.918 873.677
0.2 989.767 882
0.201 999.665 890.357
0.202 1009.61 898.749
0.203 1019.61 907.175
0.204 1029.65 915.634
0.205 1039.75 924.128
0.206 1049.89 932.656
0.207 1060.09 941.218
0.208 1070.33 949.814
0.209 1080.62 958.443
0.21 1090.96 967.106
0.211 1101.35 975.803
0.212 1111.79 984.533
0.213 1122.28 993.297
0.214 1132.82 1002.09
0.215 1143.4 1010.92
0.216 1154.04 1019.79
0.217 1164.73 1028.68
0.218 1175.46 1037.61
0.219 1186.24 1046.58
0.22 1197.08 1055.57
0.221 1207.96 1064.6
0.222 1218.89 1073.66
0.223 1229.87 1082.76
0.224 1240.9 1091.88
0.225 1251.98 1101.04
0.226 1263.11 1110.23
0.227 1274.29 1119.46
0.228 1285.52 1128.72
0.229 1296.79 1138
0.23 1308.12 1147.33
0.231 1319.49 1156.68
0.232 1330.92 1166.06
0.233 1342.39 1175.48
0.234 1353.91 1184.93
0.235 1365.49 1194.41
0.236 1377.11 1203.92
0.237 1388.78 1213.47
0.238 1400.5 1223.04
0.239 1412.27 1232.65
0.24 1424.08 1242.29
0.241 1435.95 1251.96
0.242 1447.87 1261.66
0.243 1459.83 1271.39
0.244 1471.85 1281.16
0.245 1483.91 1290.95
0.246 1496.03 1300.78
0.247 1508.19 1310.63
0.248 1520.4 1320.52
0.249 1532.66 1330.44
0.25 1544.98 1340.39
0.251 1557.33 1350.37
0.252 1569.74 1360.38
0.253 1582.2 1370.42
0.254 1594.71 1380.49
0.255 1607.27 1390.59
0.256 1619.87 1400.72
0.257 1632.53 1410.89
0.258 1645.23 1421.08
0.259 1657.99 1431.3
0.26 1670.79 1441.55
0.261 1683.64 1451.83
0.262 1696.54 1462.15
0.263 1709.49 1472.49
0.264 1722.49 1482.86
0.265 1735.54 1493.26
0.266 1748.64 1503.69
0.267 1761.79 1514.15
0.268 1774.99 1524.64
0.269 1788.23 1535.16
0.27 1801.53 1545.7
0.271 1814.87 1556.28
0.272 1828.27 1566.89
0.273 1841.71 1577.52
0.274 1855.2 1588.18
0.275 1868.74 1598.88
0.276 1882.33 1609.6
0.277 1895.97 1620.35
0.278 1909.66 1631.13
0.279 1923.4 1641.93
0.28 1937.19 1652.77
0.281 1951.03 1663.63
0.282 1964.91 1674.52
0.283 1978.85 1685.44
0.284 1992.83 1696.39
0.285 2006.87 1707.37
0.286 2020.95 1718.37
0.287 2035.08 1729.41
0.288 2049.27 1740.47
0.289 2063.5 1751.56
0.29 2077.78 1762.67
0.291 2092.11 1773.82
0.292 2106.49 1784.99
0.293 2120.91 1796.19
0.294 2135.39 1807.41
0.295 2149.92 1818.67
0.296 2164.49 1829.95
0.297 2179.12 1841.25
0.298 2193.79 1852.59
0.299 2208.52 1863.95
0.3 2223.29 1875.34
0.301 2238.11 1886.76
0.302 2252.98 1898.2
0.303 2267.9 1909.67
0.304 2282.87 1921.17
0.305 2297.89 1932.69
0.306 2312.96 1944.24
0.307 2328.08 1955.82
0.308 2343.24 1967.42
0.309 2358.46 1979.05
0.31 2373.72 1990.7
0.311 2389.04 2002.38
0.312 2404.4 2014.09
0.313 2419.82 2025.82
0.314 2435.28 2037.58
0.315 2450.79 2049.37
0.316 2466.35 2061.18
0.317 2481.96 2073.01
0.318 2497.62 2084.88
0.319 2513.33 2096.76
0.32 2529.08 2108.68
0.321 2544.89 2120.62
0.322 2560.75 2132.58
0.323 2576.65 2144.57
0.324 2592.61 2156.58
0.325 2608.61 2168.62
0.326 2624.66 2180.69
0.327 2640.77 2192.78
0.328 2656.92 2204.89
0.329 2673.12 2217.03
0.33 2689.37 2229.2
0.331 2705.67 2241.38
0.332 2722.02 2253.6
0.333 2738.41 2265.84
0.334 2754.86 2278.1
0.335 2771.36 2290.38
0.336 2787.9 2302.7
0.337 2804.5 2315.03
0.338 2821.14 2327.39
0.339 2837.83 2339.77
0.34 2854.58 2352.18
0.341 2871.37 2364.61
0.342 2888.21 2377.07
0.343 2905.1 2389.55
0.344 2922.04 2402.05
0.345 2939.03 2414.58
0.346 2956.07 2427.13
0.347 2973.15 2439.7
0.348 2990.29 2452.3
0.349 3007.47 2464.92
0.35 3024.71 2477.56
0.351 3041.99 2490.23
0.352 3059.33 2502.92
0.353 3076.71 2515.63
0.354 3094.14 2528.37
0.355 3111.62 2541.12
0.356 3129.15 2553.91
0.357 3146.73 2566.71
0.358 3164.36 2579.54
0.359 3182.04 2592.39
0.36 3199.77 2605.26
0.361 3217.54 2618.15
0.362 3235.37 2631.07
0.363 3253.24 2644.01
0.364 3271.17 2656.97
0.365 3289.14 2669.95
0.366 3307.16 2682.96
0.367 3325.24 2695.99
0.368 3343.36 2709.04
0.369 3361.53 2722.11
0.37 3379.75 2735.2
0.371 3398.02 2748.32
0.372 3416.33 2761.45
0.373 3434.7 2774.61
0.374 3453.12 2787.79
0.375 3471.58 2800.99
0.376 3490.1 2814.21
0.377 3508.66 2827.46
0.378 3527.28 2840.72
0.379 3545.94 2854.01
0.38 3564.65 2867.31
0.381 3583.41 2880.64
0.382 3602.22 2893.99
0.383 3621.08 2907.36
0.384 3639.99 2920.75
0.385 3658.95 2934.16
0.386 3677.96 2947.59
0.387 3697.02 2961.04
0.388 3716.12 2974.51
0.389 3735.28 2988.01
0.39 3754.48 3001.52
0.391 3773.74 3015.05
0.392 3793.04 3028.61
0.393 3812.39 3042.18
0.394 3831.79 3055.77
0.395 3851.24 3069.39
0.396 3870.74 3083.02
0.397 3890.29 3096.67
0.398 3909.89 3110.35
0.399 3929.54 3124.04
0.4 3949.24 3137.75
0.401 3968.98 3151.48
0.402 3988.78 3165.23
0.403 4008.62 3179
0.404 4028.52 3192.79
0.405 4048.46 3206.6
0.406 4068.45 3220.43
0.407 4088.49 3234.27
0.408 4108.58 3248.14
0.409 4128.72 3262.02
0.41 4148.91 3275.93
0.411 4169.15 3289.85
0.412 4189.44 3303.79
0.413 4209.78 3317.75
0.414 4230.16 3331.72
0.415 4250.6 3345.72
0.416 4271.08 3359.74
0.417 4291.62 3373.77
0.418 4312.2 3387.82
0.419 4332.83 3401.89
0.42 4353.52 3415.97
0.421 4374.25 3430.08
0.422 4395.03 3444.2
0.423 4415.86 3458.34
0.424 4436.74 3472.5
0.425 4457.66 3486.68
0.426 4478.64 3500.87
0.427 4499.67 3515.08
0.428 4520.74 3529.31
0.429 4541.87 3543.56
0.43 4563.04 3557.82
0.431 4584.27 3572.1
0.432 4605.54 3586.4
0.433 4626.86 3600.72
0.434 4648.23 3615.05
0.435 4669.65 3629.4
0.436 4691.12 3643.76
0.437 4712.64 3658.14
0.438 4734.21 3672.54
0.439 4755.83 3686.96
0.44 4777.49 3701.39
0.441 4799.21 3715.84
0.442 4820.97 3730.31
0.443 4842.79 3744.79
0.444 4864.65 3759.29
0.445 4886.56 3773.8
0.446 4908.53 3788.33
0.447 4930.54 3802.88
0.448 4952.6 3817.44
0.449 4974.71 3832.02
0.45 4996.87 3846.61
0.451 5019.08 3861.22
0.452 5041.33 3875.85
0.453 5063.64 3890.49
0.454 5086 3905.15
0.455 5108.4 3919.82
0.456 5130.86 3934.51
0.457 5153.36 3949.21
0.458 5175.91 3963.93
0.459 5198.52 3978.66
0.46 5221.17 3993.41
0.461 5243.87 4008.17
0.462 5266.62 4022.95
0.463 5289.42 4037.74
0.464 5312.27 4052.55
0.465 5335.16 4067.37
0.466 5358.11 4082.21
0.467 5381.11 4097.06
0.468 5404.15 4111.93
0.469 5427.25 4126.81
0.47 5450.39 4141.7
0.471 5473.58 4156.61
0.472 5496.83 4171.54
0.473 5520.12 4186.48
0.474 5543.46 4201.43
0.475 5566.85 4216.39
0.476 5590.29 4231.37
0.477 5613.78 4246.37
0.478 5637.31 4261.37
0.479 5660.9 4276.39
0.48 5684.54 4291.43
0.481 5708.22 4306.48
0.482 5731.96 4321.54
0.483 5755.74 4336.61
0.484 5779.58 4351.7
0.485 5803.46 4366.8
0.486 5827.39 4381.91
0.487 5851.37 4397.04
0.488 5875.4 4412.18
0.489 5899.48 4427.34
0.49 5923.61 4442.5
0.491 5947.79 4457.68
0.492 5972.02 4472.87
0.493 5996.29 4488.08
0.494 6020.62 4503.29
0.495 6044.99 4518.52
0.496 6069.42 4533.76
0.497 6093.89 4549.02
0.498 6118.41 4564.28
0.499 6142.99 4579.56
0.5 6167.61 4594.85
0.501 6192.28 4610.16
0.502 6217 4625.47
0.503 6241.77 4640.8
0.504 6266.58 4656.14
0.505 6291.45 4671.49
0.506 6316.37 4686.85
0.507 6341.33 4702.22
0.508 6366.35 4717.61
0.509 6391.41 4733
0.51 6416.53 4748.41
0.511 6441.69 4763.83
0.512 6466.9 4779.26
0.513 6492.16 4794.7
0.514 6517.47 4810.15
0.515 6542.83 4825.62
0.516 6568.24 4841.09
0.517 6593.7 4856.57
0.518 6619.21 4872.07
0.519 6644.77 4887.58
0.52 6670.37 4903.09
0.521 6696.03 4918.62
0.522 6721.73 4934.16
0.523 6747.48 4949.71
0.524 6773.29 4965.27
0.525 6799.14 4980.84
0.526 6825.04 4996.42
0.527 6850.99 5012
0.528 6876.99 5027.6
0.529 6903.04 5043.21
0.53 6929.14 5058.83
0.531 6955.29 5074.46
0.532 6981.48 5090.1
0.533 7007.73 5105.75
0.534 7034.03 5121.41
0.535 7060.37 5137.07
0.536 7086.77 5152.75
0.537 7113.21 5168.44
0.538 7139.7 5184.13
0.539 7166.24 5199.84
0.54 7192.83 5215.55
0.541 7219.47 5231.27
0.542 7246.16 5247.01
0.543 7272.9 5262.75
0.544 7299.69 5278.5
0.545 7326.53 5294.26
0.546 7353.41 5310.02
0.547 7380.35 5325.8
0.548 7407.33 5341.58
0.549 7434.37 5357.38
0.55 7461.45 5373.18
0.551 7488.58 5388.99
0.552 7515.76 5404.8
0.553 7543 5420.63
0.554 7570.28 5436.46
0.555 7597.61 5452.31
0.556 7624.98 5468.16
0.557 7652.41 5484.01
0.558 7679.89 5499.88
0.559 7707.42 5515.75
0.56 7734.99 5531.63
0.561 7762.62 5547.52
0.562 7790.29 5563.42
0.563 7818.01 5579.32
0.564 7845.79 5595.23
0.565 7873.61 5611.15
0.566 7901.48 5627.07
0.567 7929.4 5643.01
0.568 7957.37 5658.95
0.569 7985.39 5674.89
0.57 8013.46 5690.85
0.571 8041.58 5706.81
0.572 8069.74 5722.77
0.573 8097.96 5738.75
0.574 8126.22 5754.73
0.575 8154.54 5770.71
0.576 8182.9 5786.71
0.577 8211.31 5802.71
0.578 8239.78 5818.71
0.579 8268.29 5834.72
0.58 8296.85 5850.74
0.581 8325.46 5866.77
0.582 8354.12 5882.8
0.583 8382.83 5898.83
0.584 8411.58 5914.87
0.585 8440.39 5930.92
0.586 8469.25 5946.98
0.587 8498.15 5963.04
0.588 8527.11 5979.1
0.589 8556.11 5995.17
0.59 8585.16 6011.25
0.591 8614.26 6027.33
0.592 8643.42 6043.41
0.593 8672.62 6059.51
0.594 8701.87 6075.6
0.595 8731.17 6091.7
0.596 8760.51 6107.81
0.597 8789.91 6123.92
0.598 8819.36 6140.04
0.599 8848.86 6156.16
0.6 8878.4 6172.28
0.601 8908 6188.41
0.602 8937.64 6204.55
0.603 8967.33 6220.69
0.604 8997.08 6236.83
0.605 9026.87 6252.98
0.606 9056.71 6269.13
0.607 9086.6 6285.29
0.608 9116.54 6301.45
0.609 9146.53 6317.61
0.61 9176.56 6333.78
0.611 9206.65 6349.95
0.612 9236.79 6366.13
0.613 9266.97 6382.31
0.614 9297.21 6398.49
0.615 9327.49 6414.68
0.616 9357.82 6430.87
0.617 9388.21 6447.06
0.618 9418.64 6463.26
0.619 9449.12 6479.46
0.62 9479.65 6495.67
0.621 9510.23 6511.87
0.622 9540.86 6528.08
0.623 9571.54 6544.29
0.624 9602.26 6560.51
0.625 9633.04 6576.73
0.626 9663.87 6592.95
0.627 9694.74 6609.17
0.628 9725.67 6625.4
0.629 9756.64 6641.63
0.63 9787.66 6657.86
0.631 9818.73 6674.09
0.632 9849.86 6690.33
0.633 9881.03 6706.57
0.634 9912.25 6722.81
0.635 9943.51 6739.05
0.636 9974.83 6755.29
0.637 10006.2 6771.54
0.638 10037.6 6787.79
0.639 10069.1 6804.04
0.64 10100.6 6820.29
0.641 10132.2 6836.54
0.642 10163.8 6852.8
0.643 10195.4 6869.05
0.644 10227.2 6885.31
0.645 10258.9 6901.57
0.646 10290.7 6917.83
0.647 10322.6 6934.09
0.648 10354.5 6950.35
0.649 10386.4 6966.62
0.65 10418.5 6982.88
0.651 10450.5 6999.15
0.652 10482.6 7015.41
0.653 10514.8 7031.68
0.654 10547 7047.95
0.655 10579.2 7064.22
0.656 10611.5 7080.48
0.657 10643.9 7096.75
0.658 10676.3 7113.02
0.659 10708.7 7129.29
0.66 10741.2 7145.56
0.661 10773.8 7161.83
0.662 10806.4 7178.1
0.663 10839 7194.37
0.664 10871.7 7210.64
0.665 10904.5 7226.91
0.666 10937.3 7243.18
0.667 10970.1 7259.45
0.668 11003 7275.72
0.669 11036 7291.99
0.67 11068.9 7308.25
0.671 11102 7324.52
0.672 11135.1 7340.79
0.673 11168.2 7357.05
0.674 11201.4 7373.32
0.675 11234.7 7389.58
0.676 11267.9 7405.85
0.677 11301.3 7422.11
0.678 11334.7 7438.37
0.679 11368.1 7454.63
0.68 11401.6 7470.89
0.681 11435.1 7487.14
0.682 11468.7 7503.4
0.683 11502.3 7519.65
0.684 11536 7535.91
0.685 11569.7 7552.16
0.686 11603.5 7568.41
0.687 11637.4 7584.65
0.688 11671.2 7600.9
0.689 11705.2 7617.14
0.69 11739.1 7633.38
0.691 11773.2 7649.62
0.692 11807.2 7665.86
0.693 11841.4 7682.1
0.694 11875.5 7698.33
0.695 11909.8 7714.56
0.696 11944 7730.79
0.697 11978.4 7747.01
0.698 12012.7 7763.23
0.699 12047.1 7779.45
0.7 12081.6 7795.67
0.701 12116.1 7811.89
0.702 12150.7 7828.1
0.703 12185.3 7844.31
0.704 12220 7860.51
0.705 12254.7 7876.71
0.706 12289.5 7892.91
0.707 12324.3 7909.11
0.708 12359.1 7925.3
0.709 12394.1 7941.49
0.71 12429 7957.67
0.711 12464 7973.86
0.712 12499.1 7990.03
0.713 12534.2 8006.21
0.714 12569.4 8022.38
0.715 12604.6 8038.55
0.716 12639.8 8054.71
0.717 12675.1 8070.87
0.718 12710.5 8087.02
0.719 12745.9 8103.17
0.72 12781.4 8119.32
0.721 12816.9 8135.46
0.722 12852.4 8151.6
0.723 12888 8167.73
0.724 12923.7 8183.86
0.725 12959.4 8199.98
0.726 12995.1 8216.1
0.727 13030.9 8232.22
0.728 13066.8 8248.33
0.729 13102.7 8264.43
0.73 13138.6 8280.53
0.731 13174.6 8296.62
0.732 13210.6 8312.71
0.733 13246.7 8328.8
0.734 13282.9 8344.88
0.735 13319.1 8360.95
0.736 13355.3 8377.02
0.737 13391.6 8393.08
0.738 13428 8409.14
0.739 13464.3 8425.19
0.74 13500.8 8441.23
0.741 13537.3 8457.27
0.742 13573.8 8473.31
0.743 13610.4 8489.34
0.744 13647 8505.36
0.745 13683.7 8521.37
0.746 13720.5 8537.38
0.747 13757.2 8553.39
0.748 13794.1 8569.38
0.749 13831 8585.37
0.75 13867.9 8601.36
0.751 13904.9 8617.33
0.752 13941.9 8633.31
0.753 13979 8649.27
0.754 14016.1 8665.23
0.755 14053.3 8681.18
0.756 14090.5 8697.12
0.757 14127.8 8713.06
0.758 14165.1 8728.99
0.759 14202.5 8744.91
0.76 14239.9 8760.82
0.761 14277.4 8776.73
0.762 14314.9 8792.63
0.763 14352.5 8808.53
0.764 14390.1 8824.41
0.765 14427.8 8840.29
0.766 14465.5 8856.16
0.767 14503.3 8872.02
0.768 14541.1 8887.88
0.769 14578.9 8903.72
0.77 14616.9 8919.56
0.771 14654.8 8935.39
0.772 14692.8 8951.21
0.773 14730.9 8967.03
0.774 14769 8982.83
0.775 14807.2 8998.63
0.776 14845.4 9014.42
0.777 14883.7 9030.2
0.778 14922 9045.97
0.779 14960.3 9061.74
0.78 14998.7 9077.49
0.781 15037.2 9093.24
0.782 15075.7 9108.98
0.783 15114.3 9124.7
0.784 15152.9 9140.42
0.785 15191.5 9156.13
0.786 15230.2 9171.83
0.787 15269 9187.53
0.788 15307.8 9203.21
0.789 15346.6 9218.88
0.79 15385.5 9234.54
0.791 15424.5 9250.2
0.792 15463.5 9265.84
0.793 15502.5 9281.48
0.794 15541.6 9297.1
0.795 15580.8 9312.72
0.796 15620 9328.32
0.797 15659.2 9343.92
0.798 15698.5 9359.5
0.799 15737.9 9375.08
0.8 15777.3 9390.64
0.801 15816.7 9406.2
0.802 15856.2 9421.74
0.803 15895.7 9437.28
0.804 15935.3 9452.8
0.805 15975 9468.31
0.806 16014.7 9483.81
0.807 16054.4 9499.31
0.808 16094.2 9514.79
0.809 16134 9530.26
0.81 16173.9 9545.72
0.811 16213.8 9561.16
0.812 16253.8 9576.6
0.813 16293.9 9592.03
0.814 16333.9 9607.44
0.815 16374.1 9622.84
0.816 16414.3 9638.23
0.817 16454.5 9653.61
0.818 16494.8 9668.98
0.819 16535.1 9684.34
0.82 16575.5 9699.68
0.821 16615.9 9715.02
0.822 16656.4 9730.34
0.823 16696.9 9745.65
0.824 16737.5 9760.95
0.825 16778.1 9776.23
0.826 16818.8 9791.51
0.827 16859.5 9806.77
0.828 16900.3 9822.02
0.829 16941.1 9837.25
0.83 16982 9852.48
0.831 17022.9 9867.69
0.832 17063.9 9882.89
0.833 17104.9 9898.07
0.834 17146 9913.25
0.835 17187.1 9928.41
0.836 17228.2 9943.56
0.837 17269.5 9958.69
0.838 17310.7 9973.81
0.839 17352 9988.92
0.84 17393.4 10004
0.841 17434.8 10019.1
0.842 17476.3 10034.2
0.843 17517.8 10049.2
0.844 17559.3 10064.3
0.845 17601 10079.3
0.846 17642.6 10094.3
0.847 17684.3 10109.3
0.848 17726.1 10124.3
0.849 17767.9 10139.3
0.85 17809.7 10154.2
0.851 17851.6 10169.2
0.852 17893.6 10184.1
0.853 17935.6 10199
0.854 17977.7 10213.9
0.855 18019.8 10228.8
0.856 18061.9 10243.7
0.857 18104.1 10258.6
0.858 18146.4 10273.4
0.859 18188.7 10288.2
0.86 18231 10303.1
0.861 18273.4 10317.9
0.862 18315.9 10332.6
0.863 18358.4 10347.4
0.864 18400.9 10362.2
0.865 18443.5 10376.9
0.866 18486.1 10391.6
0.867 18528.8 10406.4
0.868 18571.6 10421
0.869 18614.4 10435.7
0.87 18657.2 10450.4
0.871 18700.1 10465
0.872 18743 10479.7
0.873 18786 10494.3
0.874 18829.1 10508.9
0.875 18872.1 10523.5
0.876 18915.3 10538.1
0.877 18958.5 10552.6
0.878 19001.7 10567.2
0.879 19045 10581.7
0.88 19088.3 10596.2
0.881 19131.7 10610.7
0.882 19175.1 10625.2
0.883 19218.6 10639.6
0.884 19262.1 10654.1
0.885 19305.7 10668.5
0.886 19349.4 10682.9
0.887 19393 10697.3
0.888 19436.8 10711.7
0.889 19480.5 10726
0.89 19524.4 10740.4
0.891 19568.2 10754.7
0.892 19612.2 10769
0.893 19656.1 10783.3
0.894 19700.2 10797.6
0.895 19744.2 10811.8
0.896 19788.4 10826.1
0.897 19832.5 10840.3
0.898 19876.7 10854.5
0.899 19921 10868.7
0.9 19965.3 10882.8
0.901 20009.7 10897
0.902 20054.1 10911.1
0.903 20098.6 10925.2
0.904 20143.1 10939.3
0.905 20187.7 10953.4
0.906 20232.3 10967.5
0.907 20276.9 10981.5
0.908 20321.6 10995.5
0.909 20366.4 11009.5
0.91 20411.2 11023.5
0.911 20456.1 11037.5
0.912 20501 11051.5
0.913 20545.9 11065.4
0.914 20591 11079.3
0.915 20636 11093.2
0.916 20681.1 11107.1
0.917 20726.3 11120.9
0.918 20771.5 11134.8
0.919 20816.7 11148.6
0.92 20862 11162.4
0.921 20907.4 11176.2
0.922 20952.8 11189.9
0.923 20998.2 11203.7
0.924 21043.7 11217.4
0.925 21089.3 11231.1
0.926 21134.9 11244.8
0.927 21180.5 11258.5
0.928 21226.2 11272.1
0.929 21272 11285.7
0.93 21317.8 11299.3
0.931 21363.6 11312.9
0.932 21409.5 11326.5
0.933 21455.5 11340
0.934 21501.4 11353.5
0.935 21547.5 11367.1
0.936 21593.6 11380.5
0.937 21639.7 11394
0.938 21685.9 11407.4
0.939 21732.1 11420.9
0.94 21778.4 11434.3
0.941 21824.8 11447.7
0.942 21871.2 11461
0.943 21917.6 11474.4
0.944 21964.1 11487.7
0.945 22010.6 11501
0.946 22057.2 11514.2
0.947 22103.8 11527.5
0.948 22150.5 11540.7
0.949 22197.2 11554
0.95 22244 11567.1
0.951 22290.9 11580.3
0.952 22337.7 11593.5
0.953 22384.7 11606.6
0.954 22431.6 11619.7
0.955 22478.7 11632.8
0.956 22525.7 11645.8
0.957 22572.9 11658.9
0.958 22620 11671.9
0.959 22667.3 11684.9
0.96 22714.5 11697.9
0.961 22761.9 11710.8
0.962 22809.2 11723.8
0.963 22856.6 11736.7
0.964 22904.1 11749.5
0.965 22951.6 11762.4
0.966 22999.2 11775.3
0.967 23046.8 11788.1
0.968 23094.5 11800.9
0.969 23142.2 11813.6
0.97 23190 11826.4
0.971 23237.8 11839.1
0.972 23285.6 11851.8
0.973 23333.6 11864.5
0.974 23381.5 11877.2
0.975 23429.5 11889.8
0.976 23477.6 11902.4
0.977 23525.7 11915
0.978 23573.9 11927.5
0.979 23622.1 11940.1
0.98 23670.3 11952.6
0.981 23718.6 11965.1
0.982 23767 11977.6
0.983 23815.4 11990
0.984 23863.9 12002.4
0.985 23912.4 12014.8
0.986 23960.9 12027.2
0.987 24009.5 12039.6
0.988 24058.2 12051.9
0.989 24106.9 12064.2
0.99 24155.6 12076.5
0.991 24204.4 12088.7
0.992 24253.3 12100.9
0.993 24302.2 12113.1
0.994 24351.1 12125.3
0.995 24400.1 12137.5
0.996 24449.1 12149.6
0.997 24498.2 12161.7
0.998 24547.4 12173.8
0.999 24596.6 12185.8
1 24645.8 12197.9
1.001 24695.1 12209.9
1.002 24744.5 12221.9
1.003 24793.8 12233.8
1.004 24843.3 12245.7
1.005 24892.8 12257.6
1.006 24942.3 12269.5
1.007 24991.9 12281.4
1.008 25041.5 12293.2
1.009 25091.2 12305
1.01 25141 12316.8
1.011 25190.7 12328.5
1.012 25240.6 12340.2
1.013 25290.5 12351.9
1.014 25340.4 12363.6
1.015 25390.4 12375.2
1.016 25440.4 12386.9
1.017 25490.5 12398.5
1.018 25540.6 12410
1.019 25590.8 12421.6
1.02 25641 12433.1
1.021 25691.3 12444.6
1.022 25741.6 12456
1.023 25792 12467.4
1.024 25842.4 12478.9
1.025 25892.9 12490.2
1.026 25943.4 12501.6
1.027 25994 12512.9
1.028 26044.6 12524.2
1.029 26095.3 12535.5
1.03 26146 12546.7
1.031 26196.8 12557.9
1.032 26247.6 12569.1
1.033 26298.4 12580.3
1.034 26349.4 12591.4
1.035 26400.3 12602.5
1.036 26451.3 12613.6
1.037 26502.4 12624.6
1.038 26553.5 12635.7
1.039 26604.7 12646.7
1.04 26655.9 12657.6
1.041 26707.2 12668.6
1.042 26758.5 12679.5
1.043 26809.8 12690.3
1.044 26861.2 12701.2
1.045 26912.7 12712
1.046 26964.2 12722.8
1.047 27015.8 12733.6
1.048 27067.4 12744.3
1.049 27119 12755
1.05 27170.7 12765.7
1.051 27222.5 12776.4
1.052 27274.3 12787
1.053 27326.1 12797.6
1.054 27378 12808.1
1.055 27430 12818.7
1.056 27482 12829.2
1.057 27534 12839.7
1.058 27586.1 12850.1
1.059 27638.3 12860.5
1.06 27690.5 12870.9
1.061 27742.7 12881.3
1.062 27795 12891.6
1.063 27847.4 12901.9
1.064 27899.8 12912.2
1.065 27952.2 12922.4
1.066 28004.7 12932.6
1.067 28057.2 12942.8
1.068 28109.8 12953
1.069 28162.5 12963.1
1.07 28215.2 12973.2
1.071 28267.9 12983.2
1.072 28320.7 12993.2
1.073 28373.5 13003.2
1.074 28426.4 13013.2
1.075 28479.3 13023.1
1.076 28532.3 13033.1
1.077 28585.4 13042.9
1.078 28638.4 13052.8
1.079 28691.6 13062.6
1.08 28744.8 13072.4
1.081 28798 13082.1
1.082 28851.3 13091.8
1.083 28904.6 13101.5
1.084 28958 13111.2
1.085 29011.4 13120.8
1.086 29064.9 13130.4
1.087 29118.4 13140
1.088 29172 13149.5
1.089 29225.6 13159
1.09 29279.3 13168.5
1.091 29333 13177.9
1.092 29386.8 13187.3
1.093 29440.6 13196.7
1.094 29494.5 13206
1.095 29548.4 13215.3
1.096 29602.4 13224.6
1.097 29656.4 13233.8
1.098 29710.5 13243.1
1.099 29764.6 13252.2
1.1 29818.7 13261.4
1.101 29873 13270.5
1.102 29927.2 13279.6
1.103 29981.5 13288.6
1.104 30035.9 13297.6
1.105 30090.3 13306.6
1.106 30144.8 13315.6
1.107 30199.3 13324.5
1.108 30253.8 13333.4
1.109 30308.5 13342.2
1.11 30363.1 13351
1.111 30417.8 13359.8
1.112 30472.6 13368.6
1.113 30527.4 13377.3
1.114 30582.2 13386
1.115 30637.1 13394.6
1.116 30692.1 13403.2
1.117 30747.1 13411.8
1.118 30802.2 13420.4
1.119 30857.3 13428.9
1.12 30912.4 13437.4
1.121 30967.6 13445.8
1.122 31022.9 13454.2
1.123 31078.2 13462.6
1.124 31133.5 13470.9
1.125 31188.9 13479.2
1.126 31244.4 13487.5
1.127 31299.8 13495.8
1.128 31355.4 13504
1.129 31411 13512.1
1.13 31466.6 13520.3
1.131 31522.3 13528.4
1.132 31578.1 13536.4
1.133 31633.9 13544.5
1.134 31689.7 13552.5
1.135 31745.6 13560.4
1.136 31801.5 13568.3
1.137 31857.5 13576.2
1.138 31913.6 13584.1
1.139 31969.6 13591.9
1.14 32025.8 13599.7
1.141 32082 13607.4
1.142 32138.2 13615.2
1.143 32194.5 13622.8
1.144 32250.8 13630.5
1.145 32307.2 13638.1
1.146 32363.6 13645.7
1.147 32420.1 13653.2
1.148 32476.6 13660.7
1.149 32533.2 13668.1
1.15 32589.9 13675.6
1.151 32646.5 13683
1.152 32703.3 13690.3
1.153 32760 13697.6
1.154 32816.9 13704.9
1.155 32873.7 13712.2
1.156 32930.7 13719.4
1.157 32987.6 13726.5
1.158 33044.7 13733.7
1.159 33101.7 13740.8
1.16 33158.8 13747.8
1.161 33216 13754.8
1.162 33273.2 13761.8
1.163 33330.5 13768.8
1.164 33387.8 13775.7
1.165 33445.2 13782.6
1.166 33502.6 13789.4
1.167 33560.1 13796.2
1.168 33617.6 13802.9
1.169 33675.2 13809.7
1.17 33732.8 13816.4
1.171 33790.4 13823
1.172 33848.1 13829.6
1.173 33905.9 13836.2
1.174 33963.7 13842.7
1.175 34021.6 13849.2
1.176 34079.5 13855.7
1.177 34137.4 13862.1
1.178 34195.4 13868.5
1.179 34253.5 13874.8
1.18 34311.6 13881.1
1.181 34369.8 13887.4
1.182 34428 13893.6
1.183 34486.2 13899.8
1.184 34544.5 13905.9
1.185 34602.9 13912.1
1.186 34661.3 13918.1
1.187 34719.7 13924.2
1.188 34778.2 13930.2
1.189 34836.8 13936.1
1.19 34895.4 13942
1.191 34954 13947.9
1.192 35012.7 13953.7
1.193 35071.5 13959.5
1.194 35130.3 13965.3
1.195 35189.1 13971
1.196 35248 13976.7
1.197 35306.9 13982.3
1.198 35365.9 13987.9
1.199 35425 13993.5
1.2 35484.1 13999
1.201 35543.2 14004.5
1.202 35602.4 14009.9
1.203 35661.6 14015.3
1.204 35720.9 14020.7
1.205 35780.3 14026
1.206 35839.7 14031.3
1.207 35899.1 14036.5
1.208 35958.6 14041.7
1.209 36018.1 14046.9
1.21 36077.7 14052
1.211 36137.3 14057
1.212 36197 14062.1
1.213 36256.7 14067.1
1.214 36316.5 14072
1.215 36376.3 14076.9
1.216 36436.2 14081.8
1.217 36496.2 14086.6
1.218 36556.1 14091.4
1.219 36616.2 14096.2
1.22 36676.2 14100.9
1.221 36736.4 14105.5
1.222 36796.5 14110.2
1.223 36856.8 14114.7
1.224 36917 14119.3
1.225 36977.4 14123.8
1.226 37037.7 14128.2
1.227 37098.1 14132.6
1.228 37158.6 14137
1.229 37219.1 14141.3
1.23 37279.7 14145.6
1.231 37340.3 14149.9
1.232 37401 14154.1
1.233 37461.7 14158.2
1.234 37522.5 14162.3
1.235 37583.3 14166.4
1.236 37644.1 14170.4
1.237 37705.1 14174.4
1.238 37766 14178.4
1.239 37827 14182.3
1.24 37888.1 14186.1
1.241 37949.2 14190
1.242 38010.4 14193.7
1.243 38071.6 14197.5
1.244 38132.8 14201.1
1.245 38194.1 14204.8
1.246 38255.5 14208.4
1.247 38316.9 14211.9
1.248 38378.3 14215.5
1.249 38439.9 14218.9
1.25 38501.4 14222.4
1.251 38563 14225.7
1.252 38624.7 14229.1
1.253 38686.4 14232.4
1.254 38748.1 14235.6
1.255 38809.9 14238.8
1.256 38871.8 14242
1.257 38933.7 14245.1
1.258 38995.6 14248.2
1.259 39057.6 14251.2
1.26 39119.6 14254.2
1.261 39181.7 14257.1
1.262 39243.9 14260
1.263 39306.1 14262.9
1.264 39368.3 14265.7
1.265 39430.6 14268.5
1.266 39492.9 14271.2
1.267 39555.3 14273.9
1.268 39617.8 14276.5
1.269 39680.3 14279.1
1.27 39742.8 14281.6
1.271 39805.4 14284.1
1.272 39868 14286.5
1.273 39930.7 14288.9
1.274 39993.4 14291.3
1.275 40056.2 14293.6
1.276 40119.1 14295.9
1.277 40181.9 14298.1
1.278 40244.9 14300.3
1.279 40307.9 14302.4
1.28 40370.9 14304.5
1.281 40434 14306.5
1.282 40497.1 14308.5
1.283 40560.3 14310.4
1.284 40623.5 14312.3
1.285 40686.8 14314.2
1.286 40750.1 14316
1.287 40813.5 14317.8
1.288 40876.9 14319.5
1.289 40940.4 14321.1
1.29 41003.9 14322.7
1.291 41067.5 14324.3
1.292 41131.1 14325.8
1.293 41194.8 14327.3
1.294 41258.5 14328.8
1.295 41322.3 14330.1
1.296 41386.1 14331.5
1.297 41449.9 14332.8
1.298 41513.9 14334
1.299 41577.8 14335.2
1.3 41641.8 14336.4
1.301 41705.9 14337.5
1.302 41770 14338.5
1.303 41834.2 14339.5
1.304 41898.4 14340.5
1.305 41962.7 14341.4
1.306 42027 14342.2
1.307 42091.3 14343.1
1.308 42155.7 14343.8
1.309 42220.2 14344.5
1.31 42284.7 14345.2
1.311 42349.3 14345.8
1.312 42413.9 14346.4
1.313 42478.5 14346.9
1.314 42543.2 14347.4
1.315 42608 14347.8
1.316 42672.8 14348.2
1.317 42737.6 14348.5
1.318 42802.5 14348.8
1.319 42867.5 14349.1
1.32 42932.5 14349.2
1.321 42997.5 14349.4
1.322 43062.6 14349.5
1.323 43127.8 14349.5
1.324 43193 14349.5
1.325 43258.2 14349.4
1.326 43323.5 14349.3
1.327 43388.9 14349.2
1.328 43454.3 14349
1.329 43519.7 14348.7
1.33 43585.2 14348.4
1.331 43650.7 14348
1.332 43716.3 14347.6
1.333 43782 14347.2
1.334 43847.7 14346.7
1.335 43913.4 14346.1
1.336 43979.2 14345.5
1.337 44045 14344.8
1.338 44110.9 14344.1
1.339 44176.8 14343.4
1.34 44242.8 14342.6
1.341 44308.9 14341.7
1.342 44374.9 14340.8
1.343 44441.1 14339.8
1.344 44507.3 14338.8
1.345 44573.5 14337.8
1.346 44639.8 14336.6
1.347 44706.1 14335.5
1.348 44772.5 14334.3
1.349 44838.9 14333
1.35 44905.4 14331.7
1.351 44971.9 14330.3
1.352 45038.5 14328.9
1.353 45105.1 14327.4
1.354 45171.8 14325.9
1.355 45238.5 14324.3
1.356 45305.3 14322.7
1.357 45372.1 14321
1.358 45439 14319.3
1.359 45505.9 14317.5
1.36 45572.9 14315.7
1.361 45639.9 14313.8
1.362 45706.9 14311.9
1.363 45774.1 14309.9
1.364 45841.2 14307.9
1.365 45908.4 14305.8
1.366 45975.7 14303.6
1.367 46043 14301.4
1.368 46110.4 14299.2
1.369 46177.8 14296.9
1.37 46245.3 14294.5
1.371 46312.8 14292.1
1.372 46380.3 14289.7
1.373 46447.9 14287.1
1.374 46515.6 14284.6
1.375 46583.3 14282
1.376 46651.1 14279.3
1.377 46718.9 14276.6
1.378 46786.7 14273.8
1.379 46854.6 14271
1.38 46922.6 14268.1
1.381 46990.6 14265.1
1.382 47058.7 14262.1
1.383 47126.8 14259.1
1.384 47194.9 14256
1.385 47263.1 14252.8
1.386 47331.4 14249.6
1.387 47399.7 14246.4
1.388 47468 14243.1
1.389 47536.4 14239.7
1.39 47604.8 14236.3
1.391 47673.3 14232.8
1.392 47741.9 14229.3
1.393 47810.5 14225.7
1.394 47879.1 14222
1.395 47947.8 14218.4
1.396 48016.6 14214.6
1.397 48085.4 14210.8
1.398 48154.2 14206.9
1.399 48223.1 14203
1.4 48292 14199.1
1.401 48361 14195
1.402 48430.1 14191
1.403 48499.1 14186.8
1.404 48568.3 14182.7
1.405 48637.5 14178.4
1.406 48706.7 14174.1
1.407 48776 14169.8
1.408 48845.3 14165.4
1.409 48914.7 14160.9
1.41 48984.1 14156.4
1.411 49053.6 14151.8
1.412 49123.1 14147.2
1.413 49192.7 14142.5
1.414 49262.3 14137.7
1.415 49332 14132.9
1.416 49401.8 14128.1
1.417 49471.5 14123.2
1.418 49541.4 14118.2
1.419 49611.2 14113.2
1.42 49681.2 14108.1
1.421 49751.1 14103
1.422 49821.1 14097.8
1.423 49891.2 14092.5
1.424 49961.3 14087.2
1.425 50031.5 14081.9
1.426 50101.7 14076.5
1.427 50172 14071
1.428 50242.3 14065.4
1.429 50312.7 14059.9
1.43 50383.1 14054.2
1.431 50453.6 14048.5
1.432 50524.1 14042.8
1.433 50594.6 14036.9
1.434 50665.3 14031.1
1.435 50735.9 14025.1
1.436 50806.6 14019.1
1.437 50877.4 14013.1
1.438 50948.2 14007
1.439 51019.1 14000.8
1.44 51090 13994.6
1.441 51160.9 13988.3
1.442 51231.9 13982
1.443 51303 13975.6
1.444 51374.1 13969.1
1.445 51445.3 13962.6
1.446 51516.5 13956.1
1.447 51587.7 13949.4
1.448 51659 13942.7
1.449 51730.4 13936
1.45 51801.8 13929.2
1.451 51873.2 13922.3
1.452 51944.7 13915.4
1.453 52016.3 13908.4
1.454 52087.9 13901.4
1.455 52159.5 13894.3
1.456 52231.2 13887.2
1.457 52303 13879.9
1.458 52374.8 13872.7
1.459 52446.6 13865.3
1.46 52518.5 13857.9
1.461 52590.4 13850.5
1.462 52662.4 13843
1.463 52734.5 13835.4
1.464 52806.6 13827.8
1.465 52878.7 13820.1
1.466 52950.9 13812.3
1.467 53023.1 13804.5
1.468 53095.4 13796.7
1.469 53167.8 13788.7
1.47 53240.1 13780.7
1.471 53312.6 13772.7
1.472 53385.1 13764.6
1.473 53457.6 13756.4
1.474 53530.2 13748.2
1.475 53602.8 13739.9
1.476 53675.5 13731.5
1.477 53748.2 13723.1
1.478 53821 13714.7
1.479 53893.8 13706.1
1.48 53966.7 13697.5
1.481 54039.6 13688.9
1.482 54112.6 13680.2
1.483 54185.7 13671.4
1.484 54258.7 13662.6
1.485 54331.9 13653.7
1.486 54405 13644.7
1.487 54478.3 13635.7
1.488 54551.5 13626.6
1.489 54624.8 13617.4
1.49 54698.2 13608.2
1.491 54771.6 13599
1.492 54845.1 13589.6
1.493 54918.6 13580.3
1.494 54992.2 13570.8
1.495 55065.8 13561.3
1.496 55139.5 13551.7
1.497 55213.2 13542.1
1.498 55287 13532.4
1.499 55360.8 13522.6
1.5 55434.6 13512.8
1.501 55508.5 13502.9
1.502 55582.5 13493
1.503 55656.5 13482.9
1.504 55730.6 13472.9
1.505 55804.7 13462.7
1.506 55878.9 13452.5
1.507 55953.1 13442.3
1.508 56027.3 13431.9
1.509 56101.6 13421.6
1.51 56176 13411.1
1.511 56250.4 13400.6
1.512 56324.8 13390
1.513 56399.3 13379.4
1.514 56473.9 13368.7
1.515 56548.5 13357.9
1.516 56623.2 13347.1
1.517 56697.9 13336.2
1.518 56772.6 13325.2
1.519 56847.4 13314.2
1.52 56922.2 13303.1
1.521 56997.1 13292
1.522 57072.1 13280.7
1.523 57147.1 13269.5
1.524 57222.1 13258.1
1.525 57297.2 13246.7
1.526 57372.4 13235.2
1.527 57447.6 13223.7
1.528 57522.8 13212.1
1.529 57598.1 13200.5
1.53 57673.4 13188.7
1.531 57748.8 13176.9
1.532 57824.3 13165.1
1.533 57899.8 13153.2
1.534 57975.3 13141.2
1.535 58050.9 13129.1
1.536 58126.5 13117
1.537 58202.2 13104.8
1.538 58277.9 13092.6
1.539 58353.7 13080.3
1.54 58429.6 13067.9
1.541 58505.4 13055.5
1.542 58581.4 13042.9
1.543 58657.4 13030.4
1.544 58733.4 13017.7
1.545 58809.5 13005
1.546 58885.6 12992.3
1.547 58961.8 12979.4
1.548 59038 12966.5
1.549 59114.3 12953.6
1.55 59190.6 12940.5
1.551 59267 12927.4
1.552 59343.4 12914.3
1.553 59419.9 12901
1.554 59496.4 12887.7
1.555 59573 12874.4
1.556 59649.6 12860.9
1.557 59726.3 12847.4
1.558 59803 12833.9
1.559 59879.7 12820.3
1.56 59956.6 12806.6
1.561 60033.4 12792.8
1.562 60110.4 12779
1.563 60187.3 12765.1
1.564 60264.3 12751.1
1.565 60341.4 12737.1
1.566 60418.5 12723
1.567 60495.7 12708.8
1.568 60572.9 12694.6
1.569 60650.1 12680.3
1.57 60727.5 12665.9
1.571 60804.8 12651.5
1.572 60882.2 12637
1.573 60959.7 12622.4
1.574 61037.2 12607.8
1.575 61114.7 12593.1
1.576 61192.4 12578.3
1.577 61270 12563.4
1.578 61347.7 12548.5
1.579 61425.5 12533.5
1.58 61503.3 12518.5
1.581 61581.1 12503.4
1.582 61659 12488.2
1.583 61737 12473
1.584 61815 12457.6
1.585 61893 12442.2
1.586 61971.1 12426.8
1.587 62049.3 12411.3
1.588 62127.5 12395.7
1.589 62205.7 12380
1.59 62284 12364.3
1.591 62362.4 12348.5
1.592 62440.7 12332.6
1.593 62519.2 12316.7
1.594 62597.7 12300.6
1.595 62676.2 12284.6
1.596 62754.8 12268.4
1.597 62833.5 12252.2
1.598 62912.1 12235.9
1.599 62990.9 12219.6
1.6 63069.7 12203.1
1.601 63148.5 12186.6
1.602 63227.4 12170.1
1.603 63306.3 12153.4
1.604 63385.3 12136.7
1.605 63464.3 12119.9
1.606 63543.4 12103.1
1.607 63622.6 12086.2
1.608 63701.7 12069.2
1.609 63781 12052.1
1.61 63860.3 12035
1.611 63939.6 12017.8
1.612 64019 12000.5
1.613 64098.4 11983.2
1.614 64177.9 11965.8
1.615 64257.4 11948.3
1.616 64337 11930.8
1.617 64416.6 11913.1
1.618 64496.3 11895.4
1.619 64576 11877.7
1.62 64655.8 11859.8
1.621 64735.6 11841.9
1.622 64815.5 11824
1.623 64895.4 11805.9
1.624 64975.4 11787.8
1.625 65055.4 11769.6
1.626 65135.4 11751.3
1.627 65215.6 11733
1.628 65295.7 11714.6
1.629 65375.9 11696.1
1.63 65456.2 11677.6
1.631 65536.5 11658.9
1.632 65616.9 11640.2
1.633 65697.3 11621.5
1.634 65777.8 11602.6
1.635 65858.3 11583.7
1.636 65938.8 11564.7
1.637 66019.4 11545.7
1.638 66100.1 11526.5
1.639 66180.8 11507.3
1.64 66261.6 11488.1
1.641 66342.4 11468.7
1.642 66423.2 11449.3
1.643 66504.1 11429.8
1.644 66585.1 11410.2
1.645 66666.1 11390.6
1.646 66747.1 11370.9
1.647 66828.2 11351.1
1.648 66909.4 11331.2
1.649 66990.6 11311.3
1.65 67071.8 11291.3
1.651 67153.1 11271.2
1.652 67234.5 11251.1
1.653 67315.9 11230.8
1.654 67397.3 11210.5
1.655 67478.8 11190.2
1.656 67560.4 11169.7
1.657 67642 11149.2
1.658 67723.6 11128.6
1.659 67805.3 11107.9
1.66 67887.1 11087.2
1.661 67968.8 11066.4
1.662 68050.7 11045.5
1.663 68132.6 11024.5
1.664 68214.5 11003.5
1.665 68296.5 10982.3
1.666 68378.5 10961.1
1.667 68460.6 10939.9
1.668 68542.8 10918.5
1.669 68625 10897.1
1.67 68707.2 10875.6
1.671 68789.5 10854.1
1.672 68871.8 10832.4
1.673 68954.2 10810.7
1.674 69036.6 10788.9
1.675 69119.1 10767.1
1.676 69201.6 10745.1
1.677 69284.2 10723.1
1.678 69366.8 10701
1.679 69449.5 10678.8
1.68 69532.2 10656.6
1.681 69615 10634.3
1.682 69697.8 10611.9
1.683 69780.7 10589.4
1.684 69863.6 10566.9
1.685 69946.6 10544.2
1.686 70029.6 10521.5
1.687 70112.7 10498.8
1.688 70195.8 10475.9
1.689 70279 10453
1.69 70362.2 10430
1.691 70445.5 10406.9
1.692 70528.8 10383.7
1.693 70612.2 10360.5
1.694 70695.6 10337.2
1.695 70779.1 10313.8
1.696 70862.6 10290.4
1.697 70946.1 10266.8
1.698 71029.8 10243.2
1.699 71113.4 10219.5
1.7 71197.1 10195.7
1.701 71280.9 10171.9
1.702 71364.7 10148
1.703 71448.6 10123.9
1.704 71532.5 10099.9
1.705 71616.4 10075.7
1.706 71700.4 10051.5
1.707 71784.5 10027.2
1.708 71868.6 10002.8
1.709 71952.8 9978.3
1.71 72037 9953.75
1.711 72121.2 9929.12
1.712 72205.5 9904.42
1.713 72289.9 9879.64
1.714 72374.3 9854.78
1.715 72458.7 9829.84
1.716 72543.2 9804.82
1.717 72627.8 9779.73
1.718 72712.4 9754.56
1.719 72797 9729.3
1.72 72881.7 9703.97
1.721 72966.5 9678.57
1.722 73051.3 9653.08
1.723 73136.1 9627.51
1.724 73221 9601.86
1.725 73305.9 9576.14
1.726 73390.9 9550.34
1.727 73476 9524.45
1.728 73561.1 9498.49
1.729 73646.2 9472.45
1.73 73731.4 9446.33
1.731 73816.6 9420.13
1.732 73901.9 9393.85
1.733 73987.3 9367.49
1.734 74072.6 9341.05
1.735 74158.1 9314.53
1.736 74243.6 9287.93
1.737 74329.1 9261.26
1.738 74414.7 9234.5
1.739 74500.3 9207.66
1.74 74586 9180.74
1.741 74671.7 9153.74
1.742 74757.5 9126.66
1.743 74843.3 9099.5
1.744 74929.2 9072.26
1.745 75015.1 9044.94
1.746 75101.1 9017.54
1.747 75187.1 8990.06
1.748 75273.2 8962.5
1.749 75359.3 8934.86
1.75 75445.5 8907.13
1.751 75531.7 8879.33
1.752 75618 8851.44
1.753 75704.3 8823.48
1.754 75790.7 8795.43
1.755 75877.1 8767.3
1.756 75963.6 8739.09
1.757 76050.1 8710.8
1.758 76136.7 8682.42
1.759 76223.3 8653.97
1.76 76310 8625.43
1.761 76396.7 8596.81
1.762 76483.5 8568.11
1.763 76570.3 8539.33
1.764 76657.1 8510.47
1.765 76744 8481.52
1.766 76831 8452.5
1.767 76918 8423.39
1.768 77005.1 8394.2
1.769 77092.2 8364.92
1.77 77179.3 8335.56
1.771 77266.6 8306.13
1.772 77353.8 8276.6
1.773 77441.1 8247
1.774 77528.5 8217.31
1.775 77615.9 8187.54
1.776 77703.3 8157.69
1.777 77790.8 8127.76
1.778 77878.4 8097.74
1.779 77966 8067.64
1.78 78053.6 8037.46
1.781 78141.3 8007.19
1.782 78229.1 7976.84
1.783 78316.9 7946.4
1.784 78404.7 7915.89
1.785 78492.6 7885.29
1.786 78580.6 7854.6
1.787 78668.6 7823.83
1.788 78756.6 7792.98
1.789 78844.7 7762.05
1.79 78932.9 7731.03
1.791 79021.1 7699.93
1.792 79109.3 7668.74
1.793 79197.6 7637.47
1.794 79285.9 7606.11
1.795 79374.3 7574.67
1.796 79462.8 7543.15
1.797 79551.3 7511.54
1.798 79639.8 7479.85
1.799 79728.4 7448.07
1.8 79817 7416.21
1.801 79905.7 7384.27
1.802 79994.4 7352.24
1.803 80083.2 7320.12
1.804 80172.1 7287.92
1.805 80260.9 7255.64
1.806 80349.9 7223.27
1.807 80438.8 7190.81
1.808 80527.9 7158.27
1.809 80617 7125.64
1.81 80706.1 7092.93
1.811 80795.3 7060.14
1.812 80884.5 7027.25
1.813 80973.8 6994.29
1.814 81063.1 6961.23
1.815 81152.5 6928.09
1.816 81241.9 6894.87
1.817 81331.4 6861.56
1.818 81420.9 6828.16
1.819 81510.5 6794.68
1.82 81600.1 6761.11
1.821 81689.8 6727.46
1.822 81779.5 6693.72
1.823 81869.2 6659.89
1.824 81959.1 6625.98
1.825 82048.9 6591.98
1.826 82138.8 6557.89
1.827 82228.8 6523.72
1.828 82318.8 6489.46
1.829 82408.9 6455.11
1.83 82499 6420.68
1.831 82589.2 6386.16
1.832 82679.4 6351.55
1.833 82769.6 6316.86
1.834 82860 6282.08
1.835 82950.3 6247.21
1.836 83040.7 6212.25
1.837 83131.2 6177.21
1.838 83221.7 6142.08
1.839 83312.2 6106.86
1.84 83402.8 6071.56
1.841 83493.5 6036.16
1.842 83584.2 6000.68
1.843 83675 5965.11
1.844 83765.8 5929.46
1.845 83856.6 5893.71
1.846 83947.5 5857.88
1.847 84038.5 5821.96
1.848 84129.5 5785.95
1.849 84220.5 5749.86
1.85 84311.6 5713.67
1.851 84402.8 5677.4
1.852 84494 5641.04
1.853 84585.2 5604.59
1.854 84676.5 5568.05
1.855 84767.8 5531.42
1.856 84859.2 5494.7
1.857 84950.7 5457.9
1.858 85042.2 5421.01
1.859 85133.7 5384.02
1.86 85225.3 5346.95
1.861 85316.9 5309.79
1.862 85408.6 5272.54
1.863 85500.4 5235.2
1.864 85592.2 5197.77
1.865 85684 5160.25
1.866 85775.9 5122.65
1.867 85867.8 5084.95
1.868 85959.8 5047.16
1.869 86051.8 5009.29
1.87 86143.9 4971.32
1.871 86236.1 4933.26
1.872 86328.2 4895.12
1.873 86420.5 4856.88
1.874 86512.8 4818.56
1.875 86605.1 4780.14
1.876 86697.5 4741.63
1.877 86789.9 4703.04
1.878 86882.4 4664.35
1.879 86974.9 4625.57
1.88 87067.5 4586.7
1.881 87160.1 4547.74
1.882 87252.8 4508.69
1.883 87345.5 4469.55
1.884 87438.3 4430.32
1.885 87531.1 4391
1.886 87624 4351.59
1.887 87716.9 4312.08
1.888 87809.8 4272.49
1.889 87902.9 4232.8
1.89 87995.9 4193.03
1.891 88089.1 4153.16
1.892 88182.2 4113.2
1.893 88275.4 4073.14
1.894 88368.7 4033
1.895 88462 3992.77
1.896 88555.4 3952.44
1.897 88648.8 3912.02
1.898 88742.3 3871.51
1.899 88835.8 3830.91
1.9 88929.3 3790.21
1.901 89022.9 3749.43
1.902 89116.6 3708.55
1.903 89210.3 3667.58
1.904 89304.1 3626.52
1.905 89397.9 3585.36
1.906 89491.7 3544.11
1.907 89585.6 3502.77
1.908 89679.6 3461.34
1.909 89773.6 3419.81
1.91 89867.6 3378.19
1.911 89961.7 3336.48
1.912 90055.9 3294.68
1.913 90150.1 3252.78
1.914 90244.3 3210.79
1.915 90338.6 3168.71
1.916 90433 3126.53
1.917 90527.4 3084.26
1.918 90621.8 3041.9
1.919 90716.3 2999.44
1.92 90810.9 2956.89
1.921 90905.5 2914.25
1.922 91000.1 2871.51
1.923 91094.8 2828.68
1.924 91189.5 2785.75
1.925 91284.3 2742.74
1.926 91379.2 2699.62
1.927 91474.1 2656.42
1.928 91569 2613.12
1.929 91664 2569.72
1.93 91759 2526.23
1.931 91854.1 2482.65
1.932 91949.3 2438.97
1.933 92044.4 2395.2
1.934 92139.7 2351.33
1.935 92235 2307.37
1.936 92330.3 2263.31
1.937 92425.7 2219.16
1.938 92521.1 2174.92
1.939 92616.6 2130.58
1.94 92712.1 2086.14
1.941 92807.7 2041.61
1.942 92903.3 1996.98
1.943 92999 1952.26
1.944 93094.7 1907.45
1.945 93190.5 1862.53
1.946 93286.3 1817.53
1.947 93382.2 1772.42
1.948 93478.1 1727.23
1.949 93574.1 1681.93
1.95 93670.1 1636.54
1.951 93766.2 1591.06
1.952 93862.3 1545.48
1.953 93958.5 1499.8
1.954 94054.7 1454.03
1.955 94151 1408.16
1.956 94247.3 1362.19
1.957 94343.7 1316.13
1.958 94440.1 1269.97
1.959 94536.6 1223.72
1.96 94633.1 1177.36
1.961 94729.6 1130.92
1.962 94826.2 1084.37
1.963 94922.9 1037.73
1.964 95019.6 990.994
1.965 95116.4 944.16
1.966 95213.2 897.228
1.967 95310.1 850.2
1.968 95407 803.074
1.969 95503.9 755.852
1.97 95600.9 708.532
1.971 95698 661.115
1.972 95795.1 613.6
1.973 95892.2 565.988
1.974 95989.5 518.279
1.975 96086.7 470.472
1.976 96184 422.567
1.977 96281.4 374.564
1.978 96378.8 326.464
1.979 96476.2 278.266
1.98 96573.7 229.97
1.981 96671.3 181.576
1.982 96768.9 133.083
1.983 96866.5 84.493
1.984 96964.2 35.8043
1.985 97062 -12.9828
