0 0 0
0.001 0.0482963 0.0129162
0.002 0.144889 0.0740295
0.003 0.289778 0.183266
0.004 0.482963 0.34055
0.005 0.724444 0.545808
0.006 1.01422 0.798967
0.007 1.3523 1.09995
0.008 1.73867 1.44868
0.009 2.17333 1.8451
0.01 2.6563 2.28911
0.011 3.18756 2.78065
0.012 3.76711 3.31964
0.013 4.39496 3.90602
0.014 5.07111 4.53969
0.015 5.79555 5.2206
0.016 6.5683 5.94867
0.017 7.38933 6.72381
0.018 8.25867 7.54597
0.019 9.17629 8.41505
0.02 10.1422 9.331
0.021 11.1564 10.2937
0.022 12.219 11.3032
0.023 13.3298 12.3592
0.024 14.4889 13.4619
0.025 15.6963 14.611
0.026 16.952 15.8065
0.027 18.256 17.0484
0.028 19.6083 18.3365
0.029 21.0089 19.6709
0.03 22.4578 21.0513
0.031 23.955 22.4778
0.032 25.5004 23.9502
0.033 27.0942 25.4686
0.034 28.7363 27.0327
0.035 30.4267 28.6426
0.036 32.1653 30.2982
0.037 33.9523 31.9993
0.038 35.7875 33.746
0.039 37.6711 35.5382
0.04 39.6029 37.3756
0.041 41.5831 39.2584
0.042 43.6115 41.1865
0.043 45.6883 43.1596
0.044 47.8133 45.1779
0.045 49.9867 47.2411
0.046 52.2083 49.3493
0.047 54.4782 51.5023
0.048 56.7965 53.7001
0.049 59.163 55.9426
0.05 61.5778 58.2297
0.051 64.0409 60.5614
0.052 66.5524 62.9376
0.053 69.1121 65.3582
0.054 71.7201 67.8231
0.055 74.3764 70.3322
0.056 77.081 72.8856
0.057 79.8339 75.483
0.058 82.6352 78.1245
0.059 85.4847 80.81
0.06 88.3825 83.5393
0.061 91.3286 86.3125
0.062 94.323 89.1294
0.063 97.3658 91.99
0.064 100.457 94.8941
0.065 103.596 97.8418
0.066 106.784 100.833
0.067 110.02 103.867
0.068 113.304 106.945
0.069 116.636 110.066
0.07 120.017 113.23
0.071 123.446 116.437
0.072 126.924 119.688
0.073 130.449 122.981
0.074 134.024 126.317
0.075 137.646 129.695
0.076 141.316 133.117
0.077 145.035 136.581
0.078 148.803 140.088
0.079 152.618 143.637
0.08 156.482 147.228
0.081 160.394 150.862
0.082 164.355 154.538
0.083 168.363 158.256
0.084 172.42 162.017
0.085 176.526 165.819
0.086 180.679 169.663
0.087 184.881 173.55
0.088 189.131 177.478
0.089 193.43 181.447
0.09 197.777 185.459
0.091 202.172 189.512
0.092 206.615 193.606
0.093 211.107 197.742
0.094 215.647 201.919
0.095 220.236 206.138
0.096 224.872 210.398
0.097 229.557 214.699
0.098 234.29 219.041
0.099 239.072 223.423
0.1 243.902 227.847
0.101 248.78 232.312
0.102 253.706 236.818
0.103 258.681 241.364
0.104 263.704 245.95
0.105 268.775 250.578
0.106 273.895 255.246
0.107 279.063 259.954
0.108 284.279 264.702
0.109 289.544 269.491
0.11 294.856 274.32
0.111 300.218 279.189
0.112 305.627 284.098
0.113 311.085 289.047
0.114 316.591 294.036
0.115 322.145 299.064
0.116 327.748 304.133
0.117 333.399 309.241
0.118 339.098 314.388
0.119 344.845 319.575
0.12 350.641 324.802
0.121 356.485 330.067
0.122 362.378 335.373
0.123 368.318 340.717
0.124 374.307 346.1
0.125 380.345 351.523
0.126 386.43 356.984
0.127 392.564 362.485
0.128 398.746 368.024
0.129 404.977 373.602
0.13 411.256 379.218
0.131 417.583 384.874
0.132 423.958 390.567
0.133 430.382 396.3
0.134 436.854 402.07
0.135 443.374 407.879
0.136 449.943 413.726
0.137 456.56 419.612
0.138 463.225 425.535
0.139 469.938 431.496
0.14 476.7 437.496
0.141 483.51 443.533
0.142 490.369 449.608
0.143 497.275 455.721
0.144 504.23 461.871
0.145 511.233 468.059
0.146 518.285 474.284
0.147 525.385 480.547
0.148 532.533 486.847
0.149 539.73 493.185
0.15 546.974 499.559
0.151 554.267 505.971
0.152 561.609 512.42
0.153 568.998 518.906
0.154 576.436 525.428
0.155 583.923 531.988
0.156 591.457 538.584
0.157 599.04 545.217
0.158 606.671 551.886
0.159 614.351 558.592
0.16 622.078 565.335
0.161 629.855 572.113
0.162 637.679 578.929
0.163 645.552 585.78
0.164 653.473 592.667
0.165 661.442 599.591
0.166 669.459 606.551
0.167 677.525 613.546
0.168 685.639 620.577
0.169 693.802 627.645
0.17 702.012 634.747
0.171 710.272 641.886
0.172 718.579 649.06
0.173 726.935 656.27
0.174 735.338 663.514
0.175 743.791 670.795
0.176 752.291 678.11
0.177 760.84 685.461
0.178 769.437 692.847
0.179 778.083 700.268
0.18 786.776 707.723
0.181 795.518 715.214
0.182 804.309 722.74
0.183 813.147 730.3
0.184 822.034 737.895
0.185 830.969 745.524
0.186 839.953 753.188
0.187 848.985 760.887
0.188 858.065 768.62
0.189 867.193 776.387
0.19 876.37 784.188
0.191 885.595 792.024
0.192 894.868 799.893
0.193 904.19 807.797
0.194 913.56 815.734
0.195 922.978 823.705
0.196 932.445 831.71
0.197 941.959 839.749
0.198 951.522 847.822
0.199 961.134 855.928
0.2 970.794 864.067
0.201 980.502 872.24
0.202 990.258 880.446
0.203 1000.06 888.685
0.204 1009.92 896.958
0.205 1019.82 905.264
0.206 1029.77 913.602
0.207 1039.76 921.974
0.208 1049.81 930.379
0.209 1059.9 938.816
0.21 1070.05 947.286
0.211 1080.24 955.789
0.212 1090.48 964.324
0.213 1100.76 972.892
0.214 1111.1 981.492
0.215 1121.48 990.125
0.216 1131.92 998.79
0.217 1142.4 1007.49
0.218 1152.93 1016.22
0.219 1163.5 1024.98
0.22 1174.13 1033.77
0.221 1184.8 1042.6
0.222 1195.53 1051.45
0.223 1206.3 1060.34
0.224 1217.12 1069.26
0.225 1227.98 1078.21
0.226 1238.9 1087.2
0.227 1249.86 1096.21
0.228 1260.87 1105.26
0.229 1271.93 1114.34
0.23 1283.04 1123.45
0.231 1294.2 1132.59
0.232 1305.41 1141.76
0.233 1316.66 1150.96
0.234 1327.96 1160.19
0.235 1339.31 1169.46
0.236 1350.71 1178.75
0.237 1362.16 1188.08
0.238 1373.65 1197.43
0.239 1385.19 1206.82
0.24 1396.79 1216.24
0.241 1408.43 1225.69
0.242 1420.11 1235.16
0.243 1431.85 1244.67
0.244 1443.64 1254.21
0.245 1455.47 1263.78
0.246 1467.35 1273.38
0.247 1479.28 1283.01
0.248 1491.26 1292.67
0.249 1503.28 1302.36
0.25 1515.36 1312.07
0.251 1527.48 1321.82
0.252 1539.65 1331.6
0.253 1551.87 1341.41
0.254 1564.14 1351.24
0.255 1576.46 1361.11
0.256 1588.82 1371
0.257 1601.23 1380.93
0.258 1613.69 1390.88
0.259 1626.2 1400.87
0.26 1638.76 1410.88
0.261 1651.37 1420.92
0.262 1664.02 1430.99
0.263 1676.72 1441.09
0.264 1689.48 1451.21
0.265 1702.27 1461.37
0.266 1715.12 1471.55
0.267 1728.02 1481.77
0.268 1740.96 1492.01
0.269 1753.95 1502.28
0.27 1766.99 1512.57
0.271 1780.08 1522.9
0.272 1793.22 1533.25
0.273 1806.41 1543.64
0.274 1819.64 1554.05
0.275 1832.92 1564.48
0.276 1846.25 1574.95
0.277 1859.63 1585.44
0.278 1873.06 1595.97
0.279 1886.53 1606.51
0.28 1900.06 1617.09
0.281 1913.63 1627.69
0.282 1927.25 1638.33
0.283 1940.92 1648.98
0.284 1954.63 1659.67
0.285 1968.4 1670.38
0.286 1982.21 1681.12
0.287 1996.07 1691.89
0.288 2009.98 1702.68
0.289 2023.94 1713.5
0.29 2037.95 1724.35
0.291 2052 1735.23
0.292 2066.11 1746.13
0.293 2080.26 1757.05
0.294 2094.46 1768.01
0.295 2108.71 1778.99
0.296 2123 1790
0.297 2137.35 1801.03
0.298 2151.74 1812.09
0.299 2166.18 1823.17
0.3 2180.67 1834.28
0.301 2195.21 1845.42
0.302 2209.79 1856.58
0.303 2224.43 1867.77
0.304 2239.11 1878.99
0.305 2253.84 1890.23
0.306 2268.62 1901.49
0.307 2283.45 1912.79
0.308 2298.33 1924.1
0.309 2313.25 1935.44
0.31 2328.22 1946.81
0.311 2343.24 1958.21
0.312 2358.31 1969.62
0.313 2373.43 1981.07
0.314 2388.6 1992.53
0.315 2403.81 2004.03
0.316 2419.07 2015.54
0.317 2434.38 2027.09
0.318 2449.74 2038.65
0.319 2465.15 2050.25
0.32 2480.6 2061.86
0.321 2496.11 2073.5
0.322 2511.66 2085.17
0.323 2527.26 2096.86
0.324 2542.91 2108.57
0.325 2558.61 2120.31
0.326 2574.35 2132.07
0.327 2590.15 2143.86
0.328 2605.99 2155.67
0.329 2621.88 2167.5
0.33 2637.82 2179.36
0.331 2653.8 2191.24
0.332 2669.84 2203.15
0.333 2685.92 2215.08
0.334 2702.05 2227.03
0.335 2718.23 2239
0.336 2734.46 2251
0.337 2750.74 2263.03
0.338 2767.06 2275.07
0.339 2783.44 2287.14
0.34 2799.86 2299.23
0.341 2816.33 2311.35
0.342 2832.85 2323.48
0.343 2849.41 2335.64
0.344 2866.03 2347.83
0.345 2882.69 2360.03
0.346 2899.4 2372.26
0.347 2916.16 2384.51
0.348 2932.97 2396.79
0.349 2949.82 2409.08
0.35 2966.73 2421.4
0.351 2983.68 2433.74
0.352 3000.68 2446.1
0.353 3017.73 2458.49
0.354 3034.83 2470.9
0.355 3051.98 2483.32
0.356 3069.17 2495.78
0.357 3086.41 2508.25
0.358 3103.7 2520.74
0.359 3121.04 2533.26
0.36 3138.43 2545.8
0.361 3155.87 2558.35
0.362 3173.35 2570.93
0.363 3190.88 2583.54
0.364 3208.46 2596.16
0.365 3226.09 2608.8
0.366 3243.77 2621.47
0.367 3261.49 2634.15
0.368 3279.27 2646.86
0.369 3297.09 2659.59
0.37 3314.96 2672.34
0.371 3332.88 2685.11
0.372 3350.85 2697.9
0.373 3368.86 2710.71
0.374 3386.93 2723.54
0.375 3405.04 2736.39
0.376 3423.2 2749.27
0.377 3441.41 2762.16
0.378 3459.66 2775.07
0.379 3477.97 2788.01
0.38 3496.32 2800.96
0.381 3514.72 2813.93
0.382 3533.17 2826.93
0.383 3551.67 2839.94
0.384 3570.22 2852.97
0.385 3588.81 2866.02
0.386 3607.46 2879.1
0.387 3626.15 2892.19
0.388 3644.89 2905.3
0.389 3663.68 2918.43
0.39 3682.51 2931.58
0.391 3701.4 2944.75
0.392 3720.33 2957.94
0.393 3739.31 2971.15
0.394 3758.34 2984.37
0.395 3777.42 2997.62
0.396 3796.55 3010.88
0.397 3815.72 3024.17
0.398 3834.94 3037.47
0.399 3854.21 3050.79
0.4 3873.53 3064.13
0.401 3892.9 3077.49
0.402 3912.32 3090.86
0.403 3931.78 3104.26
0.404 3951.29 3117.67
0.405 3970.85 3131.1
0.406 3990.46 3144.55
0.407 4010.12 3158.02
0.408 4029.83 3171.5
0.409 4049.58 3185.01
0.41 4069.38 3198.53
0.411 4089.23 3212.07
0.412 4109.13 3225.62
0.413 4129.08 3239.2
0.414 4149.08 3252.79
0.415 4169.12 3266.4
0.416 4189.21 3280.03
0.417 4209.35 3293.67
0.418 4229.54 3307.33
0.419 4249.78 3321.01
0.42 4270.06 3334.71
0.421 4290.4 3348.42
0.422 4310.78 3362.15
0.423 4331.21 3375.9
0.424 4351.69 3389.66
0.425 4372.22 3403.44
0.426 4392.79 3417.24
0.427 4413.41 3431.05
0.428 4434.09 3444.88
0.429 4454.81 3458.73
0.43 4475.57 3472.59
0.431 4496.39 3486.47
0.432 4517.26 3500.36
0.433 4538.17 3514.28
0.434 4559.13 3528.2
0.435 4580.14 3542.15
0.436 4601.2 3556.11
0.437 4622.3 3570.08
0.438 4643.46 3584.07
0.439 4664.66 3598.08
0.44 4685.91 3612.1
0.441 4707.21 3626.14
0.442 4728.56 3640.19
0.443 4749.96 3654.26
0.444 4771.4 3668.35
0.445 4792.89 3682.45
0.446 4814.44 3696.56
0.447 4836.03 3710.69
0.448 4857.66 3724.84
0.449 4879.35 3739
0.45 4901.08 3753.17
0.451 4922.87 3767.36
0.452 4944.7 3781.56
0.453 4966.58 3795.78
0.454 4988.5 3810.02
0.455 5010.48 3824.26
0.456 5032.5 3838.53
0.457 5054.58 3852.8
0.458 5076.7 3867.09
0.459 5098.87 3881.4
0.46 5121.08 3895.72
0.461 5143.35 3910.05
0.462 5165.66 3924.4
0.463 5188.02 3938.76
0.464 5210.44 3953.14
0.465 5232.89 3967.52
0.466 5255.4 3981.93
0.467 5277.96 3996.34
0.468 5300.56 4010.77
0.469 5323.21 4025.22
0.47 5345.91 4039.67
0.471 5368.66 4054.14
0.472 5391.46 4068.63
0.473 5414.3 4083.12
0.474 5437.2 4097.63
0.475 5460.14 4112.15
0.476 5483.13 4126.69
0.477 5506.17 4141.24
0.478 5529.25 4155.8
0.479 5552.39 4170.37
0.48 5575.57 4184.96
0.481 5598.8 4199.56
0.482 5622.08 4214.17
0.483 5645.41 4228.79
0.484 5668.79 4243.43
0.485 5692.21 4258.08
0.486 5715.69 4272.74
0.487 5739.21 4287.41
0.488 5762.78 4302.1
0.489 5786.39 4316.79
0.49 5810.06 4331.5
0.491 5833.78 4346.22
0.492 5857.54 4360.96
0.493 5881.35 4375.7
0.494 5905.21 4390.46
0.495 5929.12 4405.22
0.496 5953.07 4420
0.497 5977.08 4434.79
0.498 6001.13 4449.59
0.499 6025.23 4464.41
0.5 6049.38 4479.23
0.501 6073.58 4494.06
0.502 6097.82 4508.91
0.503 6122.12 4523.77
0.504 6146.46 4538.64
0.505 6170.85 4553.51
0.506 6195.29 4568.4
0.507 6219.78 4583.3
0.508 6244.31 4598.21
0.509 6268.9 4613.13
0.51 6293.53 4628.07
0.511 6318.21 4643.01
0.512 6342.94 4657.96
0.513 6367.72 4672.92
0.514 6392.54 4687.89
0.515 6417.41 4702.88
0.516 6442.34 4717.87
0.517 6467.31 4732.87
0.518 6492.33 4747.88
0.519 6517.39 4762.9
0.52 6542.51 4777.94
0.521 6567.67 4792.98
0.522 6592.88 4808.03
0.523 6618.14 4823.09
0.524 6643.45 4838.16
0.525 6668.81 4853.24
0.526 6694.21 4868.32
0.527 6719.67 4883.42
0.528 6745.17 4898.53
0.529 6770.72 4913.64
0.53 6796.32 4928.77
0.531 6821.96 4943.9
0.532 6847.66 4959.04
0.533 6873.4 4974.19
0.534 6899.19 4989.35
0.535 6925.03 5004.52
0.536 6950.92 5019.7
0.537 6976.86 5034.88
0.538 7002.84 5050.07
0.539 7028.87 5065.27
0.54 7054.95 5080.48
0.541 7081.08 5095.7
0.542 7107.26 5110.93
0.543 7133.49 5126.16
0.544 7159.76 5141.4
0.545 7186.09 5156.65
0.546 7212.46 5171.91
0.547 7238.88 5187.17
0.548 7265.34 5202.44
0.549 7291.86 5217.72
0.55 7318.42 5233.01
0.551 7345.04 5248.31
0.552 7371.7 5263.61
0.553 7398.41 5278.92
0.554 7425.16 5294.23
0.555 7451.97 5309.56
0.556 7478.82 5324.89
0.557 7505.72 5340.22
0.558 7532.68 5355.57
0.559 7559.67 5370.92
0.56 7586.72 5386.28
0.561 7613.82 5401.64
0.562 7640.96 5417.01
0.563 7668.15 5432.39
0.564 7695.39 5447.77
0.565 7722.68 5463.16
0.566 7750.02 5478.56
0.567 7777.4 5493.96
0.568 7804.84 5509.37
0.569 7832.32 5524.78
0.57 7859.85 5540.2
0.571 7887.43 5555.63
0.572 7915.05 5571.06
0.573 7942.73 5586.5
0.574 7970.45 5601.94
0.575 7998.22 5617.39
0.576 8026.04 5632.85
0.577 8053.91 5648.31
0.578 8081.83 5663.77
0.579 8109.79 5679.24
0.58 8137.81 5694.72
0.581 8165.87 5710.2
0.582 8193.98 5725.69
0.583 8222.14 5741.18
0.584 8250.34 5756.67
0.585 8278.6 5772.17
0.586 8306.9 5787.68
0.587 8335.25 5803.19
0.588 8363.65 5818.71
0.589 8392.1 5834.22
0.59 8420.59 5849.75
0.591 8449.14 5865.28
0.592 8477.73 5880.81
0.593 8506.37 5896.35
0.594 8535.06 5911.89
0.595 8563.8 5927.43
0.596 8592.59 5942.98
0.597 8621.42 5958.54
0.598 8650.3 5974.09
0.599 8679.23 5989.65
0.6 8708.21 6005.22
0.601 8737.24 6020.79
0.602 8766.32 6036.36
0.603 8795.44 6051.93
0.604 8824.61 6067.51
0.605 8853.83 6083.09
0.606 8883.1 6098.68
0.607 8912.42 6114.27
0.608 8941.78 6129.86
0.609 8971.2 6145.45
0.61 9000.66 6161.05
0.611 9030.17 6176.65
0.612 9059.73 6192.26
0.613 9089.34 6207.86
0.614 9118.99 6223.47
0.615 9148.69 6239.08
0.616 9178.45 6254.7
0.617 9208.25 6270.31
0.618 9238.1 6285.93
0.619 9267.99 6301.55
0.62 9297.94 6317.18
0.621 9327.93 6332.8
0.622 9357.97 6348.43
0.623 9388.06 6364.06
0.624 9418.2 6379.69
0.625 9448.39 6395.33
0.626 9478.62 6410.96
0.627 9508.9 6426.6
0.628 9539.24 6442.24
0.629 9569.62 6457.88
0.63 9600.04 6473.52
0.631 9630.52 6489.16
0.632 9661.05 6504.81
0.633 9691.62 6520.45
0.634 9722.24 6536.1
0.635 9752.91 6551.75
0.636 9783.63 6567.4
0.637 9814.39 6583.05
0.638 9845.21 6598.7
0.639 9876.07 6614.35
0.64 9906.98 6630
0.641 9937.94 6645.66
0.642 9968.95 6661.31
0.643 10000 6676.96
0.644 10031.1 6692.62
0.645 10062.3 6708.27
0.646 10093.5 6723.93
0.647 10124.7 6739.59
0.648 10156 6755.24
0.649 10187.4 6770.9
0.65 10218.7 6786.55
0.651 10250.2 6802.21
0.652 10281.7 6817.87
0.653 10313.2 6833.52
0.654 10344.8 6849.18
0.655 10376.4 6864.83
0.656 10408.1 6880.49
0.657 10439.9 6896.14
0.658 10471.6 6911.79
0.659 10503.5 6927.45
0.66 10535.3 6943.1
0.661 10567.3 6958.75
0.662 10599.2 6974.4
0.663 10631.3 6990.05
0.664 10663.3 7005.7
0.665 10695.5 7021.35
0.666 10727.6 7036.99
0.667 10759.8 7052.64
0.668 10792.1 7068.28
0.669 10824.4 7083.92
0.67 10856.8 7099.56
0.671 10889.2 7115.2
0.672 10921.6 7130.84
0.673 10954.1 7146.47
0.674 10986.7 7162.11
0.675 11019.3 7177.74
0.676 11051.9 7193.37
0.677 11084.6 7209
0.678 11117.4 7224.62
0.679 11150.2 7240.25
0.68 11183 7255.87
0.681 11215.9 7271.49
0.682 11248.9 7287.11
0.683 11281.8 7302.72
0.684 11314.9 7318.33
0.685 11348 7333.94
0.686 11381.1 7349.55
0.687 11414.3 7365.15
0.688 11447.5 7380.76
0.689 11480.8 7396.35
0.69 11514.1 7411.95
0.691 11547.5 7427.54
0.692 11580.9 7443.13
0.693 11614.4 7458.72
0.694 11647.9 7474.3
0.695 11681.5 7489.88
0.696 11715.1 7505.45
0.697 11748.7 7521.03
0.698 11782.5 7536.6
0.699 11816.2 7552.16
0.7 11850 7567.72
0.701 11883.9 7583.28
0.702 11917.8 7598.83
0.703 11951.7 7614.39
0.704 11985.7 7629.93
0.705 12019.8 7645.47
0.706 12053.9 7661.01
0.707 12088 7676.54
0.708 12122.2 7692.07
0.709 12156.5 7707.6
0.71 12190.8 7723.12
0.711 12225.1 7738.63
0.712 12259.5 7754.15
0.713 12293.9 7769.65
0.714 12328.4 7785.15
0.715 12363 7800.65
0.716 12397.5 7816.14
0.717 12432.2 7831.63
0.718 12466.8 7847.11
0.719 12501.6 7862.59
0.72 12536.4 7878.06
0.721 12571.2 7893.53
0.722 12606 7908.99
0.723 12641 7924.45
0.724 12675.9 7939.9
0.725 12711 7955.34
0.726 12746 7970.78
0.727 12781.1 7986.21
0.728 12816.3 8001.64
0.729 12851.5 8017.06
0.73 12886.8 8032.48
0.731 12922.1 8047.89
0.732 12957.4 8063.29
0.733 12992.8 8078.69
0.734 13028.3 8094.08
0.735 13063.8 8109.46
0.736 13099.3 8124.84
0.737 13134.9 8140.21
0.738 13170.6 8155.58
0.739 13206.3 8170.94
0.74 13242 8186.29
0.741 13277.8 8201.64
0.742 13313.6 8216.98
0.743 13349.5 8232.31
0.744 13385.4 8247.63
0.745 13421.4 8262.95
0.746 13457.5 8278.26
0.747 13493.5 8293.56
0.748 13529.7 8308.86
0.749 13565.8 8324.15
0.75 13602.1 8339.43
0.751 13638.3 8354.7
0.752 13674.6 8369.97
0.753 13711 8385.23
0.754 13747.4 8400.48
0.755 13783.9 8415.72
0.756 13820.4 8430.96
0.757 13857 8446.18
0.758 13893.6 8461.4
0.759 13930.2 8476.61
0.76 13967 8491.82
0.761 14003.7 8507.01
0.762 14040.5 8522.2
0.763 14077.4 8537.38
0.764 14114.3 8552.54
0.765 14151.2 8567.71
0.766 14188.2 8582.86
0.767 14225.3 8598
0.768 14262.3 8613.14
0.769 14299.5 8628.26
0.77 14336.7 8643.38
0.771 14373.9 8658.49
0.772 14411.2 8673.59
0.773 14448.5 8688.68
0.774 14485.9 8703.76
0.775 14523.4 8718.83
0.776 14560.8 8733.89
0.777 14598.4 8748.94
0.778 14635.9 8763.99
0.779 14673.6 8779.02
0.78 14711.2 8794.04
0.781 14749 8809.06
0.782 14786.7 8824.06
0.783 14824.5 8839.06
0.784 14862.4 8854.04
0.785 14900.3 8869.01
0.786 14938.3 8883.98
0.787 14976.3 8898.93
0.788 15014.4 8913.88
0.789 15052.5 8928.81
0.79 15090.6 8943.73
0.791 15128.8 8958.65
0.792 15167.1 8973.55
0.793 15205.4 8988.44
0.794 15243.7 9003.32
0.795 15282.1 9018.19
0.796 15320.6 9033.05
0.797 15359.1 9047.9
0.798 15397.6 9062.73
0.799 15436.2 9077.56
0.8 15474.8 9092.38
0.801 15513.5 9107.18
0.802 15552.3 9121.97
0.803 15591 9136.75
0.804 15629.9 9151.52
0.805 15668.7 9166.28
0.806 15707.7 9181.03
0.807 15746.7 9195.76
0.808 15785.7 9210.48
0.809 15824.8 9225.2
0.81 15863.9 9239.9
0.811 15903 9254.58
0.812 15942.3 9269.26
0.813 15981.5 9283.92
0.814 16020.8 9298.57
0.815 16060.2 9313.21
0.816 16099.6 9327.84
0.817 16139.1 9342.45
0.818 16178.6 9357.05
0.819 16218.1 9371.64
0.82 16257.8 9386.22
0.821 16297.4 9400.78
0.822 16337.1 9415.33
0.823 16376.9 9429.87
0.824 16416.7 9444.4
0.825 16456.5 9458.91
0.826 16496.4 9473.41
0.827 16536.3 9487.89
0.828 16576.3 9502.37
0.829 16616.4 9516.83
0.83 16656.5 9531.27
0.831 16696.6 9545.7
0.832 16736.8 9560.12
0.833 16777 9574.53
0.834 16817.3 9588.92
0.835 16857.6 9603.3
0.836 16898 9617.66
0.837 16938.4 9632.01
0.838 16978.9 9646.35
0.839 17019.4 9660.67
0.84 17060 9674.98
0.841 17100.6 9689.27
0.842 17141.3 9703.55
0.843 17182 9717.82
0.844 17222.8 9732.07
0.845 17263.6 9746.3
0.846 17304.4 9760.53
0.847 17345.3 9774.73
0.848 17386.3 9788.93
0.849 17427.3 9803.1
0.85 17468.4 9817.27
0.851 17509.5 9831.41
0.852 17550.6 9845.55
0.853 17591.8 9859.66
0.854 17633 9873.77
0.855 17674.3 9887.85
0.856 17715.7 9901.93
0.857 17757.1 9915.98
0.858 17798.5 9930.02
0.859 17840 9944.05
0.86 17881.5 9958.06
0.861 17923.1 9972.05
0.862 17964.8 9986.03
0.863 18006.4 10000
0.864 18048.2 10013.9
0.865 18090 10027.9
0.866 18131.8 10041.8
0.867 18173.7 10055.7
0.868 18215.6 10069.6
0.869 18257.5 10083.4
0.87 18299.6 10097.3
0.871 18341.6 10111.1
0.872 18383.8 10124.9
0.873 18425.9 10138.7
0.874 18468.1 10152.5
0.875 18510.4 10166.3
0.876 18552.7 10180
0.877 18595.1 10193.8
0.878 18637.5 10207.5
0.879 18679.9 10221.2
0.88 18722.4 10234.9
0.881 18765 10248.5
0.882 18807.6 10262.2
0.883 18850.2 10275.8
0.884 18892.9 10289.4
0.885 18935.7 10303
0.886 18978.5 10316.6
0.887 19021.3 10330.2
0.888 19064.2 10343.7
0.889 19107.1 10357.2
0.89 19150.1 10370.7
0.891 19193.1 10384.2
0.892 19236.2 10397.7
0.893 19279.4 10411.1
0.894 19322.5 10424.6
0.895 19365.8 10438
0.896 19409 10451.4
0.897 19452.4 10464.8
0.898 19495.7 10478.1
0.899 19539.1 10491.5
0.9 19582.6 10504.8
0.901 19626.1 10518.1
0.902 19669.7 10531.4
0.903 19713.3 10544.7
0.904 19757 10557.9
0.905 19800.7 10571.1
0.906 19844.4 10584.4
0.907 19888.3 10597.6
0.908 19932.1 10610.7
0.909 19976 10623.9
0.91 20020 10637
0.911 20064 10650.1
0.912 20108 10663.2
0.913 20152.1 10676.3
0.914 20196.3 10689.4
0.915 20240.4 10702.4
0.916 20284.7 10715.4
0.917 20329 10728.4
0.918 20373.3 10741.4
0.919 20417.7 10754.3
0.92 20462.1 10767.3
0.921 20506.6 10780.2
0.922 20551.1 10793.1
0.923 20595.7 10806
0.924 20640.4 10818.8
0.925 20685 10831.7
0.926 20729.8 10844.5
0.927 20774.5 10857.3
0.928 20819.3 10870
0.929 20864.2 10882.8
0.93 20909.1 10895.5
0.931 20954.1 10908.2
0.932 20999.1 10920.9
0.933 21044.2 10933.6
0.934 21089.3 10946.3
0.935 21134.4 10958.9
0.936 21179.7 10971.5
0.937 21224.9 10984.1
0.938 21270.2 10996.6
0.939 21315.6 11009.2
0.94 21361 11021.7
0.941 21406.4 11034.2
0.942 21451.9 11046.7
0.943 21497.5 11059.1
0.944 21543.1 11071.6
0.945 21588.7 11084
0.946 21634.4 11096.4
0.947 21680.1 11108.7
0.948 21725.9 11121.1
0.949 21771.7 11133.4
0.95 21817.6 11145.7
0.951 21863.6 11158
0.952 21909.5 11170.2
0.953 21955.6 11182.5
0.954 22001.6 11194.7
0.955 22047.8 11206.9
0.956 22093.9 11219
0.957 22140.2 11231.2
0.958 22186.4 11243.3
0.959 22232.8 11255.4
0.96 22279.1 11267.5
0.961 22325.5 11279.5
0.962 22372 11291.5
0.963 22418.5 11303.5
0.964 22465.1 11315.5
0.965 22511.7 11327.5
0.966 22558.3 11339.4
0.967 22605 11351.3
0.968 22651.8 11363.2
0.969 22698.6 11375.1
0.97 22745.4 11386.9
0.971 22792.3 11398.7
0.972 22839.3 11410.5
0.973 22886.3 11422.3
0.974 22933.3 11434
0.975 22980.4 11445.7
0.976 23027.6 11457.4
0.977 23074.7 11469.1
0.978 23122 11480.8
0.979 23169.3 11492.4
0.98 23216.6 11504
0.981 23264 11515.5
0.982 23311.4 11527.1
0.983 23358.9 11538.6
0.984 23406.4 11550.1
0.985 23454 11561.6
0.986 23501.6 11573
0.987 23549.3 11584.5
0.988 23597 11595.9
0.989 23644.8 11607.2
0.99 23692.6 11618.6
0.991 23740.4 11629.9
0.992 23788.4 11641.2
0.993 23836.3 11652.5
0.994 23884.3 11663.7
0.995 23932.4 11674.9
0.996 23980.5 11686.1
0.997 24028.6 11697.3
0.998 24076.8 11708.4
0.999 24125.1 11719.6
1 24173.4 11730.6
1.001 24221.7 11741.7
1.002 24270.1 11752.7
1.003 24318.6 11763.8
1.004 24367.1 11774.7
1.005 24415.6 11785.7
1.006 24464.2 11796.6
1.007 24512.8 11807.5
1.008 24561.5 11818.4
1.009 24610.3 11829.3
1.01 24659 11840.1
1.011 24707.9 11850.9
1.012 24756.7 11861.7
1.013 24805.7 11872.4
1.014 24854.6 11883.1
1.015 24903.7 11893.8
1.016 24952.7 11904.5
1.017 25001.9 11915.1
1.018 25051 11925.7
1.019 25100.2 11936.3
1.02 25149.5 11946.9
1.021 25198.8 11957.4
1.022 25248.2 11967.9
1.023 25297.6 11978.4
1.024 25347 11988.8
1.025 25396.5 11999.2
1.026 25446.1 12009.6
1.027 25495.7 12020
1.028 25545.4 12030.3
1.029 25595.1 12040.6
1.03 25644.8 12050.9
1.031 25694.6 12061.1
1.032 25744.4 12071.4
1.033 25794.3 12081.5
1.034 25844.3 12091.7
1.035 25894.3 12101.8
1.036 25944.3 12111.9
1.037 25994.4 12122
1.038 26044.5 12132.1
1.039 26094.7 12142.1
1.04 26144.9 12152.1
1.041 26195.2 12162
1.042 26245.5 12172
1.043 26295.9 12181.9
1.044 26346.3 12191.7
1.045 26396.8 12201.6
1.046 26447.3 12211.4
1.047 26497.9 12221.2
1.048 26548.5 12230.9
1.049 26599.2 12240.7
1.05 26649.9 12250.3
1.051 26700.7 12260
1.052 26751.5 12269.6
1.053 26802.3 12279.3
1.054 26853.2 12288.8
1.055 26904.2 12298.4
1.056 26955.2 12307.9
1.057 27006.2 12317.4
1.058 27057.3 12326.8
1.059 27108.5 12336.2
1.06 27159.7 12345.6
1.061 27210.9 12355
1.062 27262.2 12364.3
1.063 27313.6 12373.6
1.064 27365 12382.9
1.065 27416.4 12392.1
1.066 27467.9 12401.4
1.067 27519.4 12410.5
1.068 27571 12419.7
1.069 27622.6 12428.8
1.07 27674.3 12437.9
1.071 27726 12446.9
1.072 27777.8 12456
1.073 27829.6 12464.9
1.074 27881.5 12473.9
1.075 27933.4 12482.8
1.076 27985.4 12491.7
1.077 28037.4 12500.6
1.078 28089.5 12509.4
1.079 28141.6 12518.2
1.08 28193.8 12527
1.081 28246 12535.7
1.082 28298.2 12544.4
1.083 28350.5 12553.1
1.084 28402.9 12561.7
1.085 28455.3 12570.3
1.086 28507.7 12578.9
1.087 28560.2 12587.5
1.088 28612.8 12596
1.089 28665.4 12604.4
1.09 28718 12612.9
1.091 28770.7 12621.3
1.092 28823.5 12629.7
1.093 28876.3 12638
1.094 28929.1 12646.3
1.095 28982 12654.6
1.096 29034.9 12662.9
1.097 29087.9 12671.1
1.098 29140.9 12679.3
1.099 29194 12687.4
1.1 29247.1 12695.5
1.101 29300.3 12703.6
1.102 29353.5 12711.6
1.103 29406.8 12719.7
1.104 29460.1 12727.6
1.105 29513.5 12735.6
1.106 29566.9 12743.5
1.107 29620.4 12751.4
1.108 29673.9 12759.2
1.109 29727.5 12767
1.11 29781.1 12774.8
1.111 29834.7 12782.5
1.112 29888.5 12790.2
1.113 29942.2 12797.9
1.114 29996 12805.5
1.115 30049.9 12813.1
1.116 30103.8 12820.7
1.117 30157.7 12828.2
1.118 30211.7 12835.7
1.119 30265.8 12843.2
1.12 30319.9 12850.6
1.121 30374 12858
1.122 30428.2 12865.4
1.123 30482.4 12872.7
1.124 30536.7 12880
1.125 30591.1 12887.2
1.126 30645.4 12894.5
1.127 30699.9 12901.6
1.128 30754.3 12908.8
1.129 30808.9 12915.9
1.13 30863.5 12923
1.131 30918.1 12930
1.132 30972.8 12937
1.133 31027.5 12944
1.134 31082.2 12950.9
1.135 31137.1 12957.8
1.136 31191.9 12964.7
1.137 31246.8 12971.5
1.138 31301.8 12978.3
1.139 31356.8 12985
1.14 31411.9 12991.7
1.141 31467 12998.4
1.142 31522.2 13005.1
1.143 31577.4 13011.7
1.144 31632.6 13018.2
1.145 31687.9 13024.8
1.146 31743.3 13031.2
1.147 31798.7 13037.7
1.148 31854.1 13044.1
1.149 31909.6 13050.5
1.15 31965.1 13056.8
1.151 32020.7 13063.2
1.152 32076.4 13069.4
1.153 32132.1 13075.7
1.154 32187.8 13081.9
1.155 32243.6 13088
1.156 32299.4 13094.1
1.157 32355.3 13100.2
1.158 32411.2 13106.3
1.159 32467.2 13112.3
1.16 32523.2 13118.2
1.161 32579.3 13124.2
1.162 32635.4 13130.1
1.163 32691.6 13135.9
1.164 32747.8 13141.7
1.165 32804.1 13147.5
1.166 32860.4 13153.3
1.167 32916.8 13159
1.168 32973.2 13164.6
1.169 33029.6 13170.2
1.17 33086.2 13175.8
1.171 33142.7 13181.4
1.172 33199.3 13186.9
1.173 33256 13192.4
1.174 33312.7 13197.8
1.175 33369.4 13203.2
1.176 33426.2 13208.5
1.177 33483.1 13213.8
1.178 33540 13219.1
1.179 33596.9 13224.3
1.18 33653.9 13229.5
1.181 33710.9 13234.7
1.182 33768 13239.8
1.183 33825.2 13244.9
1.184 33882.4 13249.9
1.185 33939.6 13254.9
1.186 33996.9 13259.9
1.187 34054.2 13264.8
1.188 34111.6 13269.7
1.189 34169 13274.5
1.19 34226.5 13279.3
1.191 34284 13284.1
1.192 34341.6 13288.8
1.193 34399.2 13293.5
1.194 34456.9 13298.1
1.195 34514.6 13302.7
1.196 34572.3 13307.2
1.197 34630.2 13311.8
1.198 34688 13316.2
1.199 34745.9 13320.7
1.2 34803.9 13325.1
1.201 34861.9 13329.4
1.202 34920 13333.7
1.203 34978.1 13338
1.204 35036.2 13342.2
1.205 35094.4 13346.4
1.206 35152.7 13350.5
1.207 35210.9 13354.6
1.208 35269.3 13358.7
1.209 35327.7 13362.7
1.21 35386.1 13366.7
1.211 35444.6 13370.6
1.212 35503.2 13374.5
1.213 35561.7 13378.4
1.214 35620.4 13382.2
1.215 35679.1 13386
1.216 35737.8 13389.7
1.217 35796.6 13393.4
1.218 35855.4 13397
1.219 35914.3 13400.6
1.22 35973.2 13404.2
1.221 36032.2 13407.7
1.222 36091.2 13411.2
1.223 36150.3 13414.6
1.224 36209.4 13418
1.225 36268.5 13421.3
1.226 36327.8 13424.6
1.227 36387 13427.9
1.228 36446.3 13431.1
1.229 36505.7 13434.3
1.23 36565.1 13437.4
1.231 36624.5 13440.5
1.232 36684.1 13443.5
1.233 36743.6 13446.5
1.234 36803.2 13449.5
1.235 36862.9 13452.4
1.236 36922.6 13455.3
1.237 36982.3 13458.1
1.238 37042.1 13460.9
1.239 37101.9 13463.6
1.24 37161.8 13466.3
1.241 37221.8 13469
1.242 37281.7 13471.6
1.243 37341.8 13474.1
1.244 37401.9 13476.7
1.245 37462 13479.1
1.246 37522.2 13481.6
1.247 37582.4 13483.9
1.248 37642.7 13486.3
1.249 37703 13488.6
1.25 37763.4 13490.8
1.251 37823.8 13493
1.252 37884.3 13495.2
1.253 37944.8 13497.3
1.254 38005.4 13499.4
1.255 38066 13501.4
1.256 38126.6 13503.4
1.257 38187.3 13505.3
1.258 38248.1 13507.2
1.259 38308.9 13509.1
1.26 38369.8 13510.9
1.261 38430.7 13512.6
1.262 38491.6 13514.3
1.263 38552.6 13516
1.264 38613.7 13517.6
1.265 38674.8 13519.2
1.266 38735.9 13520.7
1.267 38797.1 13522.2
1.268 38858.4 13523.7
1.269 38919.6 13525
1.27 38981 13526.4
1.271 39042.4 13527.7
1.272 39103.8 13528.9
1.273 39165.3 13530.1
1.274 39226.8 13531.3
1.275 39288.4 13532.4
1.276 39350 13533.5
1.277 39411.7 13534.5
1.278 39473.4 13535.5
1.279 39535.2 13536.4
1.28 39597 13537.3
1.281 39658.9 13538.1
1.282 39720.8 13538.9
1.283 39782.8 13539.6
1.284 39844.8 13540.3
1.285 39906.9 13541
1.286 39969 13541.6
1.287 40031.1 13542.1
1.288 40093.3 13542.6
1.289 40155.6 13543.1
1.29 40217.9 13543.5
1.291 40280.3 13543.8
1.292 40342.7 13544.1
1.293 40405.1 13544.4
1.294 40467.6 13544.6
1.295 40530.2 13544.8
1.296 40592.8 13544.9
1.297 40655.4 13545
1.298 40718.1 13545
1.299 40780.8 13545
1.3 40843.6 13544.9
1.301 40906.5 13544.8
1.302 40969.3 13544.6
1.303 41032.3 13544.4
1.304 41095.3 13544.1
1.305 41158.3 13543.8
1.306 41221.4 13543.4
1.307 41284.5 13543
1.308 41347.7 13542.6
1.309 41410.9 13542
1.31 41474.2 13541.5
1.311 41537.5 13540.9
1.312 41600.8 13540.2
1.313 41664.3 13539.5
1.314 41727.7 13538.7
1.315 41791.2 13537.9
1.316 41854.8 13537.1
1.317 41918.4 13536.2
1.318 41982.1 13535.2
1.319 42045.8 13534.2
1.32 42109.5 13533.2
1.321 42173.3 13532
1.322 42237.2 13530.9
1.323 42301.1 13529.7
1.324 42365 13528.4
1.325 42429 13527.1
1.326 42493.1 13525.8
1.327 42557.1 13524.4
1.328 42621.3 13522.9
1.329 42685.5 13521.4
1.33 42749.7 13519.8
1.331 42814 13518.2
1.332 42878.3 13516.6
1.333 42942.7 13514.9
1.334 43007.1 13513.1
1.335 43071.6 13511.3
1.336 43136.2 13509.4
1.337 43200.7 13507.5
1.338 43265.4 13505.5
1.339 43330 13503.5
1.34 43394.7 13501.5
1.341 43459.5 13499.3
1.342 43524.3 13497.2
1.343 43589.2 13494.9
1.344 43654.1 13492.7
1.345 43719.1 13490.3
1.346 43784.1 13488
1.347 43849.1 13485.5
1.348 43914.2 13483.1
1.349 43979.4 13480.5
1.35 44044.6 13477.9
1.351 44109.8 13475.3
1.352 44175.1 13472.6
1.353 44240.5 13469.9
1.354 44305.9 13467.1
1.355 44371.3 13464.2
1.356 44436.8 13461.3
1.357 44502.4 13458.4
1.358 44568 13455.4
1.359 44633.6 13452.3
1.36 44699.3 13449.2
1.361 44765 13446
1.362 44830.8 13442.8
1.363 44896.6 13439.6
1.364 44962.5 13436.2
1.365 45028.4 13432.9
1.366 45094.4 13429.4
1.367 45160.4 13425.9
1.368 45226.5 13422.4
1.369 45292.6 13418.8
1.37 45358.8 13415.2
1.371 45425 13411.5
1.372 45491.3 13407.7
1.373 45557.6 13403.9
1.374 45624 13400.1
1.375 45690.4 13396.2
1.376 45756.8 13392.2
1.377 45823.3 13388.2
1.378 45889.9 13384.1
1.379 45956.5 13380
1.38 46023.1 13375.8
1.381 46089.8 13371.6
1.382 46156.6 13367.3
1.383 46223.4 13362.9
1.384 46290.2 13358.5
1.385 46357.1 13354.1
1.386 46424.1 13349.6
1.387 46491.1 13345
1.388 46558.1 13340.4
1.389 46625.2 13335.7
1.39 46692.3 13331
1.391 46759.5 13326.2
1.392 46826.7 13321.4
1.393 46894 13316.5
1.394 46961.3 13311.5
1.395 47028.7 13306.5
1.396 47096.1 13301.5
1.397 47163.6 13296.3
1.398 47231.1 13291.2
1.399 47298.7 13285.9
1.4 47366.3 13280.7
1.401 47434 13275.3
1.402 47501.7 13269.9
1.403 47569.5 13264.5
1.404 47637.3 13259
1.405 47705.1 13253.4
1.406 47773 13247.8
1.407 47841 13242.1
1.408 47909 13236.4
1.409 47977.1 13230.6
1.41 48045.2 13224.7
1.411 48113.3 13218.8
1.412 48181.5 13212.9
1.413 48249.8 13206.9
1.414 48318 13200.8
1.415 48386.4 13194.7
1.416 48454.8 13188.5
1.417 48523.2 13182.2
1.418 48591.7 13175.9
1.419 48660.2 13169.6
1.42 48728.8 13163.2
1.421 48797.5 13156.7
1.422 48866.1 13150.2
1.423 48934.9 13143.6
1.424 49003.6 13136.9
1.425 49072.5 13130.2
1.426 49141.3 13123.5
1.427 49210.3 13116.7
1.428 49279.2 13109.8
1.429 49348.3 13102.9
1.43 49417.3 13095.9
1.431 49486.4 13088.8
1.432 49555.6 13081.7
1.433 49624.8 13074.6
1.434 49694.1 13067.3
1.435 49763.4 13060.1
1.436 49832.7 13052.7
1.437 49902.1 13045.3
1.438 49971.6 13037.9
1.439 50041.1 13030.3
1.44 50110.6 13022.8
1.441 50180.2 13015.1
1.442 50249.9 13007.4
1.443 50319.6 12999.7
1.444 50389.3 12991.9
1.445 50459.1 12984
1.446 50529 12976.1
1.447 50598.8 12968.1
1.448 50668.8 12960
1.449 50738.8 12951.9
1.45 50808.8 12943.8
1.451 50878.9 12935.5
1.452 50949 12927.3
1.453 51019.2 12918.9
1.454 51089.4 12910.5
1.455 51159.7 12902
1.456 51230 12893.5
1.457 51300.4 12884.9
1.458 51370.8 12876.3
1.459 51441.3 12867.6
1.46 51511.8 12858.8
1.461 51582.4 12850
1.462 51653 12841.1
1.463 51723.6 12832.2
1.464 51794.3 12823.2
1.465 51865.1 12814.1
1.466 51935.9 12805
1.467 52006.8 12795.8
1.468 52077.7 12786.5
1.469 52148.6 12777.2
1.47 52219.6 12767.8
1.471 52290.6 12758.4
1.472 52361.7 12748.9
1.473 52432.9 12739.4
1.474 52504.1 12729.7
1.475 52575.3 12720.1
1.476 52646.6 12710.3
1.477 52717.9 12700.5
1.478 52789.3 12690.7
1.479 52860.8 12680.7
1.48 52932.2 12670.8
1.481 53003.8 12660.7
1.482 53075.4 12650.6
1.483 53147 12640.4
1.484 53218.7 12630.2
1.485 53290.4 12619.9
1.486 53362.2 12609.5
1.487 53434 12599.1
1.488 53505.8 12588.6
1.489 53577.8 12578.1
1.49 53649.7 12567.5
1.491 53721.7 12556.8
1.492 53793.8 12546.1
1.493 53865.9 12535.3
1.494 53938.1 12524.4
1.495 54010.3 12513.5
1.496 54082.5 12502.5
1.497 54154.8 12491.5
1.498 54227.2 12480.4
1.499 54299.6 12469.2
1.5 54372 12458
1.501 54444.5 12446.7
1.502 54517.1 12435.3
1.503 54589.7 12423.9
1.504 54662.3 12412.4
1.505 54735 12400.9
1.506 54807.7 12389.2
1.507 54880.5 12377.6
1.508 54953.3 12365.8
1.509 55026.2 12354
1.51 55099.2 12342.1
1.511 55172.1 12330.2
1.512 55245.2 12318.2
1.513 55318.2 12306.1
1.514 55391.4 12294
1.515 55464.5 12281.8
1.516 55537.8 12269.6
1.517 55611 12257.2
1.518 55684.3 12244.9
1.519 55757.7 12232.4
1.52 55831.1 12219.9
1.521 55904.6 12207.3
1.522 55978.1 12194.7
1.523 56051.7 12182
1.524 56125.3 12169.2
1.525 56198.9 12156.3
1.526 56272.6 12143.4
1.527 56346.4 12130.5
1.528 56420.2 12117.4
1.529 56494 12104.3
1.53 56567.9 12091.2
1.531 56641.9 12077.9
1.532 56715.9 12064.6
1.533 56789.9 12051.3
1.534 56864 12037.8
1.535 56938.1 12024.3
1.536 57012.3 12010.8
1.537 57086.5 11997.2
1.538 57160.8 11983.5
1.539 57235.2 11969.7
1.54 57309.5 11955.9
1.541 57384 11942
1.542 57458.4 11928
1.543 57533 11914
1.544 57607.5 11899.9
1.545 57682.2 11885.8
1.546 57756.8 11871.5
1.547 57831.5 11857.3
1.548 57906.3 11842.9
1.549 57981.1 11828.5
1.55 58056 11814
1.551 58130.9 11799.4
1.552 58205.9 11784.8
1.553 58280.9 11770.1
1.554 58355.9 11755.4
1.555 58431 11740.5
1.556 58506.2 11725.6
1.557 58581.4 11710.7
1.558 58656.6 11695.6
1.559 58731.9 11680.5
1.56 58807.3 11665.4
1.561 58882.7 11650.2
1.562 58958.1 11634.9
1.563 59033.6 11619.5
1.564 59109.1 11604
1.565 59184.7 11588.5
1.566 59260.4 11573
1.567 59336 11557.3
1.568 59411.8 11541.6
1.569 59487.6 11525.9
1.57 59563.4 11510
1.571 59639.3 11494.1
1.572 59715.2 11478.1
1.573 59791.2 11462.1
1.574 59867.2 11445.9
1.575 59943.3 11429.8
1.576 60019.4 11413.5
1.577 60095.5 11397.2
1.578 60171.8 11380.8
1.579 60248 11364.3
1.58 60324.3 11347.8
1.581 60400.7 11331.2
1.582 60477.1 11314.5
1.583 60553.6 11297.8
1.584 60630.1 11281
1.585 60706.6 11264.1
1.586 60783.2 11247.1
1.587 60859.9 11230.1
1.588 60936.6 11213
1.589 61013.3 11195.9
1.59 61090.1 11178.6
1.591 61166.9 11161.3
1.592 61243.8 11144
1.593 61320.8 11126.5
1.594 61397.8 11109
1.595 61474.8 11091.4
1.596 61551.9 11073.8
1.597 61629 11056.1
1.598 61706.2 11038.3
1.599 61783.4 11020.4
1.6 61860.7 11002.5
1.601 61938 10984.5
1.602 62015.4 10966.4
1.603 62092.8 10948.3
1.604 62170.3 10930.1
1.605 62247.8 10911.8
1.606 62325.4 10893.4
1.607 62403 10875
1.608 62480.7 10856.5
1.609 62558.4 10837.9
1.61 62636.1 10819.3
1.611 62713.9 10800.6
1.612 62791.8 10781.8
1.613 62869.7 10762.9
1.614 62947.7 10744
1.615 63025.7 10725
1.616 63103.7 10705.9
1.617 63181.8 10686.8
1.618 63260 10667.6
1.619 63338.2 10648.3
1.62 63416.4 10628.9
1.621 63494.7 10609.5
1.622 63573 10590
1.623 63651.4 10570.4
1.624 63729.9 10550.7
1.625 63808.3 10531
1.626 63886.9 10511.2
1.627 63965.5 10491.4
1.628 64044.1 10471.4
1.629 64122.8 10451.4
1.63 64201.5 10431.3
1.631 64280.3 10411.2
1.632 64359.1 10390.9
1.633 64438 10370.6
1.634 64516.9 10350.3
1.635 64595.8 10329.8
1.636 64674.9 10309.3
1.637 64753.9 10288.7
1.638 64833 10268
1.639 64912.2 10247.3
1.64 64991.4 10226.4
1.641 65070.7 10205.6
1.642 65150 10184.6
1.643 65229.3 10163.5
1.644 65308.7 10142.4
1.645 65388.2 10121.2
1.646 65467.7 10100
1.647 65547.2 10078.6
1.648 65626.8 10057.2
1.649 65706.5 10035.8
1.65 65786.2 10014.2
1.651 65865.9 9992.56
1.652 65945.7 9970.86
1.653 66025.5 9949.07
1.654 66105.4 9927.22
1.655 66185.4 9905.29
1.656 66265.3 9883.28
1.657 66345.4 9861.2
1.658 66425.4 9839.04
1.659 66505.6 9816.81
1.66 66585.7 9794.51
1.661 66666 9772.12
1.662 66746.2 9749.67
1.663 66826.6 9727.14
1.664 66906.9 9704.53
1.665 66987.3 9681.84
1.666 67067.8 9659.09
1.667 67148.3 9636.25
1.668 67228.9 9613.34
1.669 67309.5 9590.36
1.67 67390.2 9567.3
1.671 67470.9 9544.16
1.672 67551.6 9520.94
1.673 67632.4 9497.66
1.674 67713.3 9474.29
1.675 67794.2 9450.85
1.676 67875.1 9427.33
1.677 67956.1 9403.74
1.678 68037.2 9380.06
1.679 68118.3 9356.32
1.68 68199.4 9332.49
1.681 68280.6 9308.59
1.682 68361.8 9284.62
1.683 68443.1 9260.56
1.684 68524.4 9236.43
1.685 68605.8 9212.22
1.686 68687.3 9187.94
1.687 68768.7 9163.57
1.688 68850.3 9139.13
1.689 68931.8 9114.62
1.69 69013.5 9090.02
1.691 69095.1 9065.35
1.692 69176.9 9040.6
1.693 69258.6 9015.78
1.694 69340.5 8990.87
1.695 69422.3 8965.89
1.696 69504.2 8940.83
1.697 69586.2 8915.69
1.698 69668.2 8890.48
1.699 69750.3 8865.19
1.7 69832.4 8839.81
1.701 69914.5 8814.36
1.702 69996.7 8788.84
1.703 70079 8763.23
1.704 70161.3 8737.55
1.705 70243.6 8711.78
1.706 70326 8685.94
1.707 70408.5 8660.02
1.708 70491 8634.02
1.709 70573.5 8607.94
1.71 70656.1 8581.79
1.711 70738.7 8555.55
1.712 70821.4 8529.24
1.713 70904.2 8502.85
1.714 70986.9 8476.37
1.715 71069.8 8449.82
1.716 71152.7 8423.19
1.717 71235.6 8396.48
1.718 71318.6 8369.69
1.719 71401.6 8342.82
1.72 71484.7 8315.87
1.721 71567.8 8288.84
1.722 71651 8261.74
1.723 71734.2 8234.55
1.724 71817.4 8207.28
1.725 71900.8 8179.93
1.726 71984.1 8152.51
1.727 72067.5 8125
1.728 72151 8097.41
1.729 72234.5 8069.74
1.73 72318.1 8041.99
1.731 72401.7 8014.16
1.732 72485.3 7986.25
1.733 72569 7958.26
1.734 72652.8 7930.19
1.735 72736.6 7902.04
1.736 72820.4 7873.81
1.737 72904.3 7845.5
1.738 72988.2 7817.1
1.739 73072.2 7788.63
1.74 73156.3 7760.07
1.741 73240.4 7731.44
1.742 73324.5 7702.72
1.743 73408.7 7673.92
1.744 73492.9 7645.04
1.745 73577.2 7616.08
1.746 73661.5 7587.03
1.747 73745.9 7557.91
1.748 73830.3 7528.7
1.749 73914.8 7499.41
1.75 73999.3 7470.04
1.751 74083.9 7440.59
1.752 74168.5 7411.06
1.753 74253.2 7381.44
1.754 74337.9 7351.74
1.755 74422.7 7321.96
1.756 74507.5 7292.1
1.757 74592.3 7262.15
1.758 74677.2 7232.13
1.759 74762.2 7202.02
1.76 74847.2 7171.82
1.761 74932.3 7141.55
1.762 75017.4 7111.19
1.763 75102.5 7080.75
1.764 75187.7 7050.23
1.765 75273 7019.62
1.766 75358.3 6988.93
1.767 75443.6 6958.16
1.768 75529 6927.3
1.769 75614.4 6896.36
1.77 75699.9 6865.34
1.771 75785.5 6834.24
1.772 75871 6803.05
1.773 75956.7 6771.78
1.774 76042.4 6740.42
1.775 76128.1 6708.98
1.776 76213.9 6677.46
1.777 76299.7 6645.85
1.778 76385.6 6614.16
1.779 76471.5 6582.39
1.78 76557.5 6550.53
1.781 76643.5 6518.58
1.782 76729.5 6486.56
1.783 76815.7 6454.44
1.784 76901.8 6422.25
1.785 76988 6389.97
1.786 77074.3 6357.6
1.787 77160.6 6325.15
1.788 77247 6292.62
1.789 77333.4 6260
1.79 77419.8 6227.3
1.791 77506.3 6194.51
1.792 77592.9 6161.64
1.793 77679.5 6128.68
1.794 77766.1 6095.64
1.795 77852.8 6062.51
1.796 77939.6 6029.29
1.797 78026.4 5996
1.798 78113.2 5962.61
1.799 78200.1 5929.14
1.8 78287 5895.59
1.801 78374 5861.95
1.802 78461 5828.22
1.803 78548.1 5794.41
1.804 78635.3 5760.51
1.805 78722.4 5726.53
1.806 78809.7 5692.46
1.807 78896.9 5658.3
1.808 78984.3 5624.06
1.809 79071.6 5589.73
1.81 79159.1 5555.32
1.811 79246.5 5520.81
1.812 79334 5486.23
1.813 79421.6 5451.55
1.814 79509.2 5416.79
1.815 79596.9 5381.95
1.816 79684.6 5347.01
1.817 79772.3 5311.99
1.818 79860.2 5276.89
1.819 79948 5241.69
1.82 80035.9 5206.41
1.821 80123.9 5171.04
1.822 80211.9 5135.59
1.823 80299.9 5100.04
1.824 80388 5064.41
1.825 80476.2 5028.7
1.826 80564.3 4992.89
1.827 80652.6 4957
1.828 80740.9 4921.02
1.829 80829.2 4884.95
1.83 80917.6 4848.8
1.831 81006 4812.55
1.832 81094.5 4776.22
1.833 81183 4739.8
1.834 81271.6 4703.3
1.835 81360.3 4666.7
1.836 81448.9 4630.02
1.837 81537.7 4593.25
1.838 81626.4 4556.39
1.839 81715.3 4519.44
1.84 81804.1 4482.4
1.841 81893 4445.28
1.842 81982 4408.06
1.843 82071 4370.76
1.844 82160.1 4333.37
1.845 82249.2 4295.89
1.846 82338.3 4258.32
1.847 82427.6 4220.66
1.848 82516.8 4182.91
1.849 82606.1 4145.08
1.85 82695.5 4107.15
1.851 82784.9 4069.14
1.852 82874.3 4031.03
1.853 82963.8 3992.84
1.854 83053.4 3954.55
1.855 83143 3916.18
1.856 83232.6 3877.72
1.857 83322.3 3839.16
1.858 83412 3800.52
1.859 83501.8 3761.79
1.86 83591.6 3722.97
1.861 83681.5 3684.05
1.862 83771.5 3645.05
1.863 83861.4 3605.96
1.864 83951.5 3566.78
1.865 84041.5 3527.5
1.866 84131.7 3488.14
1.867 84221.8 3448.69
1.868 84312.1 3409.14
1.869 84402.3 3369.5
1.87 84492.7 3329.78
1.871 84583 3289.96
1.872 84673.4 3250.05
1.873 84763.9 3210.05
1.874 84854.4 3169.97
1.875 84945 3129.78
1.876 85035.6 3089.51
1.877 85126.2 3049.15
1.878 85216.9 3008.69
1.879 85307.7 2968.15
1.88 85398.5 2927.51
1.881 85489.3 2886.78
1.882 85580.2 2845.96
1.883 85671.2 2805.05
1.884 85762.2 2764.04
1.885 85853.2 2722.95
1.886 85944.3 2681.76
1.887 86035.5 2640.48
1.888 86126.6 2599.11
1.889 86217.9 2557.64
1.89 86309.2 2516.09
1.891 86400.5 2474.44
1.892 86491.9 2432.7
1.893 86583.3 2390.86
1.894 86674.8 2348.94
1.895 86766.3 2306.92
1.896 86857.9 2264.81
1.897 86949.5 2222.61
1.898 87041.2 2180.31
1.899 87132.9 2137.92
1.9 87224.7 2095.44
1.901 87316.5 2052.86
1.902 87408.3 2010.19
1.903 87500.3 1967.43
1.904 87592.2 1924.58
1.905 87684.2 1881.63
1.906 87776.3 1838.59
1.907 87868.4 1795.45
1.908 87960.5 1752.22
1.909 88052.7 1708.9
1.91 88145 1665.48
1.911 88237.3 1621.97
1.912 88329.6 1578.37
1.913 88422 1534.67
1.914 88514.5 1490.88
1.915 88607 1446.99
1.916 88699.5 1403.01
1.917 88792.1 1358.94
1.918 88884.7 1314.77
1.919 88977.4 1270.51
1.92 89070.1 1226.15
1.921 89162.9 1181.7
1.922 89255.8 1137.15
1.923 89348.6 1092.51
1.924 89441.6 1047.78
1.925 89534.5 1002.95
1.926 89627.6 958.02
1.927 89720.6 913
1.928 89813.7 867.885
1.929 89906.9 822.674
1.93 90000.1 777.368
1.931 90093.4 731.967
1.932 90186.7 686.471
1.933 90280.1 640.879
1.934 90373.5 595.192
1.935 90466.9 549.409
1.936 90560.4 503.531
1.937 90654 457.557
1.938 90747.6 411.487
1.939 90841.3 365.321
1.94 90935 319.059
1.941 91028.7 272.702
1.942 91122.5 226.248
1.943 91216.3 179.698
1.944 91310.2 133.052
1.945 91404.2 86.3093
1.946 91498.2 39.4704
1.947 91592.2 -7.46487
