0 0 0
0.001 0.0469846 0.0170762
0.002 0.140954 0.0810379
0.003 0.281908 0.191811
0.004 0.469846 0.34932
0.005 0.704769 0.553492
0.006 0.986677 0.804252
0.007 1.31557 1.10153
0.008 1.69145 1.44524
0.009 2.11431 1.83532
0.01 2.58415 2.27168
0.011 3.10099 2.75427
0.012 3.6648 3.28299
0.013 4.2756 3.85779
0.014 4.93339 4.47857
0.015 5.63816 5.14528
0.016 6.38991 5.85783
0.017 7.18865 6.61615
0.018 8.03437 7.42016
0.019 8.92708 8.2698
0.02 9.86677 9.16498
0.021 10.8534 10.1056
0.022 11.8871 11.0917
0.023 12.9678 12.1231
0.024 14.0954 13.1997
0.025 15.27 14.3215
0.026 16.4916 15.4884
0.027 17.7602 16.7003
0.028 19.0758 17.9572
0.029 20.4383 19.259
0.03 21.8478 20.6055
0.031 23.3044 21.9968
0.032 24.8079 23.4328
0.033 26.3584 24.9133
0.034 27.9558 26.4383
0.035 29.6003 28.0078
0.036 31.2917 29.6216
0.037 33.0302 31.2797
0.038 34.8156 32.982
0.039 36.648 34.7284
0.04 38.5274 36.5189
0.041 40.4537 38.3534
0.042 42.4271 40.2318
0.043 44.4474 42.1541
0.044 46.5148 44.1201
0.045 48.6291 46.1298
0.046 50.7904 48.1831
0.047 52.9986 50.2799
0.048 55.2539 52.4202
0.049 57.5562 54.6039
0.05 59.9054 56.8309
0.051 62.3016 59.1012
0.052 64.7448 61.4146
0.053 67.235 63.7711
0.054 69.7722 66.1707
0.055 72.3564 68.6132
0.056 74.9875 71.0985
0.057 77.6657 73.6267
0.058 80.3908 76.1976
0.059 83.163 78.8111
0.06 85.9821 81.4672
0.061 88.8482 84.1658
0.062 91.7613 86.9069
0.063 94.7213 89.6903
0.064 97.7284 92.516
0.065 100.782 95.3838
0.066 103.884 98.2939
0.067 107.032 101.246
0.068 110.227 104.24
0.069 113.469 107.276
0.07 116.758 110.354
0.071 120.094 113.473
0.072 123.477 116.634
0.073 126.907 119.837
0.074 130.384 123.082
0.075 133.908 126.368
0.076 137.478 129.695
0.077 141.096 133.063
0.078 144.761 136.473
0.079 148.473 139.924
0.08 152.232 143.416
0.081 156.038 146.949
0.082 159.891 150.523
0.083 163.791 154.138
0.084 167.738 157.794
0.085 171.732 161.49
0.086 175.772 165.227
0.087 179.86 169.005
0.088 183.995 172.823
0.089 188.177 176.681
0.09 192.406 180.58
0.091 196.681 184.519
0.092 201.004 188.498
0.093 205.374 192.518
0.094 209.791 196.577
0.095 214.254 200.677
0.096 218.765 204.816
0.097 223.323 208.995
0.098 227.928 213.214
0.099 232.579 217.473
0.1 237.278 221.771
0.101 242.024 226.109
0.102 246.816 230.486
0.103 251.656 234.902
0.104 256.543 239.358
0.105 261.476 243.853
0.106 266.457 248.387
0.107 271.484 252.961
0.108 276.559 257.573
0.109 281.681 262.224
0.11 286.849 266.914
0.111 292.065 271.643
0.112 297.327 276.411
0.113 302.637 281.217
0.114 307.993 286.062
0.115 313.397 290.945
0.116 318.847 295.867
0.117 324.345 300.827
0.118 329.889 305.825
0.119 335.481 310.862
0.12 341.119 315.936
0.121 346.804 321.049
0.122 352.537 326.199
0.123 358.316 331.388
0.124 364.143 336.614
0.125 370.016 341.878
0.126 375.936 347.18
0.127 381.904 352.519
0.128 387.918 357.896
0.129 393.979 363.31
0.13 400.088 368.762
0.131 406.243 374.251
0.132 412.445 379.777
0.133 418.695 385.34
0.134 424.991 390.94
0.135 431.334 396.578
0.136 437.724 402.252
0.137 444.161 407.963
0.138 450.646 413.711
0.139 457.177 419.496
0.14 463.755 425.317
0.141 470.38 431.175
0.142 477.052 437.069
0.143 483.771 442.999
0.144 490.538 448.966
0.145 497.351 454.97
0.146 504.211 461.009
0.147 511.118 467.084
0.148 518.072 473.196
0.149 525.073 479.343
0.15 532.121 485.527
0.151 539.216 491.746
0.152 546.358 498.001
0.153 553.547 504.291
0.154 560.783 510.618
0.155 568.066 516.979
0.156 575.396 523.376
0.157 582.773 529.809
0.158 590.197 536.277
0.159 597.668 542.78
0.16 605.186 549.318
0.161 612.751 555.891
0.162 620.363 562.499
0.163 628.022 569.142
0.164 635.727 575.82
0.165 643.48 582.532
0.166 651.28 589.28
0.167 659.127 596.062
0.168 667.021 602.878
0.169 674.962 609.729
0.17 682.949 616.615
0.171 690.984 623.534
0.172 699.066 630.488
0.173 707.195 637.476
0.174 715.37 644.499
0.175 723.593 651.555
0.176 731.863 658.645
0.177 740.18 665.769
0.178 748.543 672.927
0.179 756.954 680.118
0.18 765.412 687.344
0.181 773.916 694.602
0.182 782.468 701.895
0.183 791.066 709.22
0.184 799.712 716.58
0.185 808.405 723.972
0.186 817.144 731.397
0.187 825.931 738.856
0.188 834.764 746.348
0.189 843.645 753.873
0.19 852.572 761.43
0.191 861.547 769.021
0.192 870.568 776.644
0.193 879.637 784.3
0.194 888.752 791.988
0.195 897.915 799.709
0.196 907.124 807.463
0.197 916.381 815.249
0.198 925.684 823.067
0.199 935.035 830.917
0.2 944.432 838.8
0.201 953.876 846.715
0.202 963.368 854.661
0.203 972.906 862.64
0.204 982.492 870.65
0.205 992.124 878.693
0.206 1001.8 886.767
0.207 1011.53 894.872
0.208 1021.3 903.01
0.209 1031.12 911.178
0.21 1040.99 919.379
0.211 1050.9 927.61
0.212 1060.87 935.873
0.213 1070.87 944.167
0.214 1080.93 952.492
0.215 1091.03 960.848
0.216 1101.18 969.235
0.217 1111.38 977.653
0.218 1121.62 986.102
0.219 1131.91 994.581
0.22 1142.25 1003.09
0.221 1152.63 1011.63
0.222 1163.06 1020.2
0.223 1173.54 1028.81
0.224 1184.07 1037.44
0.225 1194.64 1046.1
0.226 1205.26 1054.79
0.227 1215.92 1063.52
0.228 1226.64 1072.27
0.229 1237.4 1081.05
0.23 1248.2 1089.86
0.231 1259.06 1098.71
0.232 1269.96 1107.58
0.233 1280.91 1116.48
0.234 1291.9 1125.41
0.235 1302.94 1134.38
0.236 1314.03 1143.37
0.237 1325.17 1152.39
0.238 1336.35 1161.44
0.239 1347.58 1170.52
0.24 1358.86 1179.62
0.241 1370.18 1188.76
0.242 1381.55 1197.93
0.243 1392.97 1207.12
0.244 1404.43 1216.35
0.245 1415.95 1225.6
0.246 1427.51 1234.88
0.247 1439.11 1244.19
0.248 1450.76 1253.53
0.249 1462.46 1262.9
0.25 1474.21 1272.29
0.251 1486 1281.72
0.252 1497.85 1291.17
0.253 1509.73 1300.65
0.254 1521.67 1310.16
0.255 1533.65 1319.7
0.256 1545.68 1329.26
0.257 1557.75 1338.86
0.258 1569.88 1348.48
0.259 1582.05 1358.12
0.26 1594.26 1367.8
0.261 1606.53 1377.5
0.262 1618.84 1387.24
0.263 1631.19 1396.99
0.264 1643.6 1406.78
0.265 1656.05 1416.59
0.266 1668.55 1426.44
0.267 1681.09 1436.3
0.268 1693.69 1446.2
0.269 1706.33 1456.12
0.27 1719.01 1466.07
0.271 1731.75 1476.05
0.272 1744.53 1486.05
0.273 1757.35 1496.08
0.274 1770.23 1506.14
0.275 1783.15 1516.22
0.276 1796.12 1526.33
0.277 1809.13 1536.46
0.278 1822.2 1546.63
0.279 1835.31 1556.81
0.28 1848.46 1567.03
0.281 1861.67 1577.27
0.282 1874.92 1587.54
0.283 1888.21 1597.83
0.284 1901.56 1608.15
0.285 1914.95 1618.49
0.286 1928.39 1628.86
0.287 1941.87 1639.26
0.288 1955.4 1649.68
0.289 1968.98 1660.13
0.29 1982.61 1670.6
0.291 1996.28 1681.1
0.292 2010 1691.62
0.293 2023.77 1702.17
0.294 2037.58 1712.74
0.295 2051.45 1723.34
0.296 2065.35 1733.97
0.297 2079.31 1744.62
0.298 2093.31 1755.29
0.299 2107.36 1765.99
0.3 2121.46 1776.71
0.301 2135.6 1787.46
0.302 2149.79 1798.23
0.303 2164.03 1809.03
0.304 2178.31 1819.85
0.305 2192.64 1830.7
0.306 2207.02 1841.57
0.307 2221.45 1852.46
0.308 2235.92 1863.38
0.309 2250.44 1874.32
0.31 2265 1885.29
0.311 2279.61 1896.28
0.312 2294.27 1907.29
0.313 2308.98 1918.33
0.314 2323.74 1929.39
0.315 2338.54 1940.48
0.316 2353.38 1951.59
0.317 2368.28 1962.72
0.318 2383.22 1973.87
0.319 2398.21 1985.05
0.32 2413.25 1996.26
0.321 2428.33 2007.48
0.322 2443.46 2018.73
0.323 2458.64 2030
0.324 2473.86 2041.29
0.325 2489.13 2052.61
0.326 2504.45 2063.95
0.327 2519.81 2075.31
0.328 2535.22 2086.7
0.329 2550.68 2098.11
0.33 2566.19 2109.54
0.331 2581.74 2120.99
0.332 2597.34 2132.47
0.333 2612.99 2143.96
0.334 2628.68 2155.48
0.335 2644.42 2167.03
0.336 2660.21 2178.59
0.337 2676.04 2190.18
0.338 2691.93 2201.78
0.339 2707.85 2213.41
0.34 2723.83 2225.06
0.341 2739.85 2236.74
0.342 2755.92 2248.43
0.343 2772.04 2260.15
0.344 2788.2 2271.89
0.345 2804.41 2283.64
0.346 2820.67 2295.43
0.347 2836.97 2307.23
0.348 2853.33 2319.05
0.349 2869.72 2330.89
0.35 2886.17 2342.76
0.351 2902.66 2354.64
0.352 2919.2 2366.55
0.353 2935.79 2378.48
0.354 2952.42 2390.43
0.355 2969.1 2402.39
0.356 2985.83 2414.38
0.357 3002.6 2426.39
0.358 3019.43 2438.42
0.359 3036.29 2450.47
0.36 3053.21 2462.54
0.361 3070.17 2474.64
0.362 3087.18 2486.75
0.363 3104.24 2498.88
0.364 3121.34 2511.03
0.365 3138.49 2523.2
0.366 3155.69 2535.39
0.367 3172.93 2547.6
0.368 3190.22 2559.83
0.369 3207.56 2572.08
0.37 3224.95 2584.35
0.371 3242.38 2596.64
0.372 3259.86 2608.95
0.373 3277.38 2621.27
0.374 3294.96 2633.62
0.375 3312.58 2645.99
0.376 3330.24 2658.37
0.377 3347.96 2670.77
0.378 3365.72 2683.2
0.379 3383.53 2695.64
0.38 3401.38 2708.1
0.381 3419.28 2720.58
0.382 3437.23 2733.08
0.383 3455.23 2745.59
0.384 3473.27 2758.13
0.385 3491.36 2770.68
0.386 3509.5 2783.25
0.387 3527.68 2795.84
0.388 3545.91 2808.45
0.389 3564.19 2821.08
0.39 3582.52 2833.72
0.391 3600.89 2846.38
0.392 3619.31 2859.06
0.393 3637.77 2871.76
0.394 3656.29 2884.47
0.395 3674.85 2897.21
0.396 3693.45 2909.96
0.397 3712.11 2922.73
0.398 3730.81 2935.51
0.399 3749.56 2948.32
0.4 3768.35 2961.14
0.401 3787.19 2973.97
0.402 3806.08 2986.83
0.403 3825.02 2999.7
0.404 3844 3012.59
0.405 3863.03 3025.49
0.406 3882.11 3038.42
0.407 3901.23 3051.36
0.408 3920.4 3064.31
0.409 3939.62 3077.28
0.41 3958.88 3090.27
0.411 3978.2 3103.28
0.412 3997.55 3116.3
0.413 4016.96 3129.34
0.414 4036.41 3142.39
0.415 4055.91 3155.46
0.416 4075.46 3168.55
0.417 4095.05 3181.65
0.418 4114.69 3194.77
0.419 4134.38 3207.91
0.42 4154.11 3221.06
0.421 4173.9 3234.22
0.422 4193.72 3247.41
0.423 4213.6 3260.6
0.424 4233.52 3273.82
0.425 4253.49 3287.04
0.426 4273.51 3300.29
0.427 4293.57 3313.55
0.428 4313.68 3326.82
0.429 4333.84 3340.11
0.43 4354.04 3353.41
0.431 4374.3 3366.73
0.432 4394.59 3380.07
0.433 4414.94 3393.42
0.434 4435.33 3406.78
0.435 4455.77 3420.16
0.436 4476.26 3433.55
0.437 4496.79 3446.96
0.438 4517.37 3460.38
0.439 4538 3473.82
0.44 4558.67 3487.27
0.441 4579.39 3500.73
0.442 4600.16 3514.21
0.443 4620.98 3527.71
0.444 4641.84 3541.21
0.445 4662.75 3554.74
0.446 4683.71 3568.27
0.447 4704.71 3581.82
0.448 4725.76 3595.38
0.449 4746.86 3608.96
0.45 4768 3622.55
0.451 4789.19 3636.15
0.452 4810.43 3649.77
0.453 4831.71 3663.4
0.454 4853.05 3677.04
0.455 4874.43 3690.7
0.456 4895.85 3704.37
0.457 4917.32 3718.05
0.458 4938.84 3731.75
0.459 4960.41 3745.46
0.46 4982.03 3759.18
0.461 5003.69 3772.91
0.462 5025.39 3786.66
0.463 5047.15 3800.42
0.464 5068.95 3814.19
0.465 5090.8 3827.98
0.466 5112.7 3841.77
0.467 5134.64 3855.58
0.468 5156.63 3869.4
0.469 5178.67 3883.24
0.47 5200.75 3897.08
0.471 5222.88 3910.94
0.472 5245.06 3924.81
0.473 5267.28 3938.69
0.474 5289.56 3952.58
0.475 5311.87 3966.49
0.476 5334.24 3980.41
0.477 5356.65 3994.33
0.478 5379.11 4008.27
0.479 5401.62 4022.22
0.48 5424.17 4036.19
0.481 5446.77 4050.16
0.482 5469.42 4064.15
0.483 5492.12 4078.14
0.484 5514.86 4092.15
0.485 5537.65 4106.17
0.486 5560.48 4120.2
0.487 5583.37 4134.23
0.488 5606.3 4148.29
0.489 5629.27 4162.35
0.49 5652.3 4176.42
0.491 5675.37 4190.5
0.492 5698.48 4204.59
0.493 5721.65 4218.7
0.494 5744.86 4232.81
0.495 5768.12 4246.93
0.496 5791.42 4261.07
0.497 5814.78 4275.21
0.498 5838.18 4289.36
0.499 5861.62 4303.53
0.5 5885.12 4317.7
0.501 5908.66 4331.88
0.502 5932.24 4346.08
0.503 5955.88 4360.28
0.504 5979.56 4374.49
0.505 6003.29 4388.71
0.506 6027.06 4402.95
0.507 6050.89 4417.19
0.508 6074.76 4431.44
0.509 6098.67 4445.69
0.51 6122.64 4459.96
0.511 6146.65 4474.24
0.512 6170.7 4488.53
0.513 6194.81 4502.82
0.514 6218.96 4517.12
0.515 6243.16 4531.44
0.516 6267.4 4545.76
0.517 6291.69 4560.09
0.518 6316.03 4574.43
0.519 6340.42 4588.77
0.52 6364.85 4603.13
0.521 6389.33 4617.49
0.522 6413.86 4631.86
0.523 6438.44 4646.24
0.524 6463.06 4660.63
0.525 6487.72 4675.03
0.526 6512.44 4689.43
0.527 6537.2 4703.84
0.528 6562.01 4718.26
0.529 6586.87 4732.69
0.53 6611.77 4747.12
0.531 6636.72 4761.56
0.532 6661.72 4776.01
0.533 6686.76 4790.47
0.534 6711.85 4804.93
0.535 6736.99 4819.41
0.536 6762.18 4833.88
0.537 6787.41 4848.37
0.538 6812.69 4862.86
0.539 6838.01 4877.36
0.54 6863.39 4891.87
0.541 6888.81 4906.38
0.542 6914.27 4920.9
0.543 6939.79 4935.43
0.544 6965.35 4949.96
0.545 6990.96 4964.5
0.546 7016.61 4979.05
0.547 7042.31 4993.6
0.548 7068.06 5008.16
0.549 7093.86 5022.73
0.55 7119.7 5037.3
0.551 7145.59 5051.87
0.552 7171.53 5066.46
0.553 7197.51 5081.05
0.554 7223.54 5095.64
0.555 7249.62 5110.24
0.556 7275.74 5124.85
0.557 7301.92 5139.46
0.558 7328.13 5154.08
0.559 7354.4 5168.7
0.56 7380.71 5183.33
0.561 7407.07 5197.97
0.562 7433.48 5212.6
0.563 7459.93 5227.25
0.564 7486.43 5241.9
0.565 7512.98 5256.55
0.566 7539.58 5271.21
0.567 7566.22 5285.88
0.568 7592.91 5300.55
0.569 7619.64 5315.22
0.57 7646.42 5329.9
0.571 7673.25 5344.58
0.572 7700.13 5359.27
0.573 7727.05 5373.96
0.574 7754.02 5388.66
0.575 7781.04 5403.36
0.576 7808.11 5418.06
0.577 7835.22 5432.77
0.578 7862.38 5447.48
0.579 7889.58 5462.2
0.58 7916.83 5476.92
0.581 7944.13 5491.64
0.582 7971.48 5506.37
0.583 7998.87 5521.11
0.584 8026.31 5535.84
0.585 8053.8 5550.58
0.586 8081.34 5565.32
0.587 8108.92 5580.07
0.588 8136.55 5594.82
0.589 8164.22 5609.57
0.59 8191.94 5624.33
0.591 8219.71 5639.08
0.592 8247.53 5653.85
0.593 8275.39 5668.61
0.594 8303.3 5683.38
0.595 8331.26 5698.15
0.596 8359.26 5712.92
0.597 8387.32 5727.7
0.598 8415.41 5742.48
0.599 8443.56 5757.26
0.6 8471.75 5772.04
0.601 8499.99 5786.83
0.602 8528.28 5801.61
0.603 8556.61 5816.4
0.604 8584.99 5831.2
0.605 8613.42 5845.99
0.606 8641.89 5860.79
0.607 8670.41 5875.58
0.608 8698.98 5890.38
0.609 8727.6 5905.18
0.61 8756.26 5919.99
0.611 8784.97 5934.79
0.612 8813.72 5949.6
0.613 8842.53 5964.41
0.614 8871.38 5979.22
0.615 8900.27 5994.03
0.616 8929.22 6008.84
0.617 8958.21 6023.65
0.618 8987.25 6038.46
0.619 9016.33 6053.28
0.62 9045.46 6068.1
0.621 9074.64 6082.91
0.622 9103.87 6097.73
0.623 9133.14 6112.55
0.624 9162.46 6127.37
0.625 9191.83 6142.19
0.626 9221.24 6157.01
0.627 9250.7 6171.83
0.628 9280.21 6186.65
0.629 9309.76 6201.47
0.63 9339.37 6216.29
0.631 9369.02 6231.11
0.632 9398.71 6245.93
0.633 9428.45 6260.75
0.634 9458.24 6275.57
0.635 9488.08 6290.39
0.636 9517.96 6305.21
0.637 9547.89 6320.03
0.638 9577.87 6334.85
0.639 9607.9 6349.67
0.64 9637.97 6364.49
0.641 9668.09 6379.31
0.642 9698.25 6394.13
0.643 9728.47 6408.94
0.644 9758.73 6423.76
0.645 9789.03 6438.58
0.646 9819.39 6453.39
0.647 9849.79 6468.2
0.648 9880.23 6483.01
0.649 9910.73 6497.82
0.65 9941.27 6512.63
0.651 9971.86 6527.44
0.652 10002.5 6542.25
0.653 10033.2 6557.05
0.654 10063.9 6571.85
0.655 10094.7 6586.66
0.656 10125.5 6601.46
0.657 10156.4 6616.25
0.658 10187.3 6631.05
0.659 10218.3 6645.84
0.66 10249.3 6660.64
0.661 10280.3 6675.43
0.662 10311.4 6690.21
0.663 10342.6 6705
0.664 10373.8 6719.78
0.665 10405 6734.56
0.666 10436.3 6749.34
0.667 10467.7 6764.12
0.668 10499.1 6778.89
0.669 10530.5 6793.66
0.67 10562 6808.43
0.671 10593.5 6823.19
0.672 10625.1 6837.95
0.673 10656.7 6852.71
0.674 10688.4 6867.47
0.675 10720.1 6882.22
0.676 10751.8 6896.97
0.677 10783.7 6911.71
0.678 10815.5 6926.46
0.679 10847.4 6941.19
0.68 10879.4 6955.93
0.681 10911.4 6970.66
0.682 10943.4 6985.39
0.683 10975.5 7000.11
0.684 11007.6 7014.83
0.685 11039.8 7029.55
0.686 11072.1 7044.26
0.687 11104.3 7058.97
0.688 11136.7 7073.68
0.689 11169 7088.38
0.69 11201.5 7103.07
0.691 11233.9 7117.76
0.692 11266.4 7132.45
0.693 11299 7147.13
0.694 11331.6 7161.81
0.695 11364.3 7176.49
0.696 11397 7191.15
0.697 11429.7 7205.82
0.698 11462.5 7220.48
0.699 11495.4 7235.13
0.7 11528.3 7249.78
0.701 11561.2 7264.42
0.702 11594.2 7279.06
0.703 11627.2 7293.7
0.704 11660.3 7308.32
0.705 11693.4 7322.95
0.706 11726.6 7337.57
0.707 11759.8 7352.18
0.708 11793.1 7366.78
0.709 11826.4 7381.38
0.71 11859.7 7395.98
0.711 11893.2 7410.57
0.712 11926.6 7425.15
0.713 11960.1 7439.73
0.714 11993.7 7454.3
0.715 12027.3 7468.86
0.716 12060.9 7483.42
0.717 12094.6 7497.97
0.718 12128.3 7512.52
0.719 12162.1 7527.06
0.72 12195.9 7541.59
0.721 12229.8 7556.12
0.722 12263.7 7570.64
0.723 12297.7 7585.15
0.724 12331.7 7599.66
0.725 12365.8 7614.16
0.726 12399.9 7628.65
0.727 12434.1 7643.13
0.728 12468.3 7657.61
0.729 12502.5 7672.08
0.73 12536.8 7686.55
0.731 12571.2 7701
0.732 12605.6 7715.45
0.733 12640 7729.89
0.734 12674.5 7744.33
0.735 12709 7758.76
0.736 12743.6 7773.17
0.737 12778.3 7787.58
0.738 12812.9 7801.99
0.739 12847.7 7816.38
0.74 12882.4 7830.77
0.741 12917.2 7845.15
0.742 12952.1 7859.52
0.743 12987 7873.88
0.744 13022 7888.24
0.745 13057 7902.58
0.746 13092 7916.92
0.747 13127.1 7931.25
0.748 13162.3 7945.57
0.749 13197.5 7959.88
0.75 13232.7 7974.19
0.751 13268 7988.48
0.752 13303.3 8002.77
0.753 13338.7 8017.04
0.754 13374.1 8031.31
0.755 13409.6 8045.57
0.756 13445.1 8059.82
0.757 13480.7 8074.06
0.758 13516.3 8088.29
0.759 13552 8102.51
0.76 13587.7 8116.72
0.761 13623.5 8130.92
0.762 13659.3 8145.11
0.763 13695.1 8159.3
0.764 13731 8173.47
0.765 13767 8187.63
0.766 13802.9 8201.79
0.767 13839 8215.93
0.768 13875.1 8230.06
0.769 13911.2 8244.19
0.77 13947.4 8258.3
0.771 13983.6 8272.4
0.772 14019.9 8286.49
0.773 14056.2 8300.57
0.774 14092.6 8314.64
0.775 14129 8328.71
0.776 14165.4 8342.76
0.777 14202 8356.79
0.778 14238.5 8370.82
0.779 14275.1 8384.84
0.78 14311.8 8398.85
0.781 14348.5 8412.84
0.782 14385.2 8426.83
0.783 14422 8440.8
0.784 14458.8 8454.76
0.785 14495.7 8468.71
0.786 14532.7 8482.65
0.787 14569.6 8496.58
0.788 14606.7 8510.49
0.789 14643.7 8524.4
0.79 14680.8 8538.29
0.791 14718 8552.17
0.792 14755.2 8566.04
0.793 14792.5 8579.9
0.794 14829.8 8593.74
0.795 14867.2 8607.57
0.796 14904.6 8621.39
0.797 14942 8635.2
0.798 14979.5 8649
0.799 15017 8662.78
0.8 15054.6 8676.55
0.801 15092.3 8690.31
0.802 15130 8704.06
0.803 15167.7 8717.79
0.804 15205.5 8731.51
0.805 15243.3 8745.22
0.806 15281.2 8758.91
0.807 15319.1 8772.6
0.808 15357 8786.27
0.809 15395.1 8799.92
0.81 15433.1 8813.56
0.811 15471.2 8827.19
0.812 15509.4 8840.81
0.813 15547.6 8854.41
0.814 15585.8 8868
0.815 15624.1 8881.58
0.816 15662.5 8895.14
0.817 15700.8 8908.69
0.818 15739.3 8922.22
0.819 15777.8 8935.74
0.82 15816.3 8949.25
0.821 15854.9 8962.74
0.822 15893.5 8976.22
0.823 15932.2 8989.68
0.824 15970.9 9003.13
0.825 16009.6 9016.57
0.826 16048.5 9029.99
0.827 16087.3 9043.4
0.828 16126.2 9056.79
0.829 16165.2 9070.17
0.83 16204.2 9083.53
0.831 16243.2 9096.88
0.832 16282.3 9110.21
0.833 16321.4 9123.53
0.834 16360.6 9136.83
0.835 16399.9 9150.12
0.836 16439.2 9163.39
0.837 16478.5 9176.65
0.838 16517.9 9189.89
0.839 16557.3 9203.12
0.84 16596.7 9216.33
0.841 16636.3 9229.53
0.842 16675.8 9242.71
0.843 16715.4 9255.87
0.844 16755.1 9269.02
0.845 16794.8 9282.16
0.846 16834.5 9295.28
0.847 16874.3 9308.38
0.848 16914.2 9321.46
0.849 16954.1 9334.53
0.85 16994 9347.59
0.851 17034 9360.62
0.852 17074 9373.64
0.853 17114.1 9386.65
0.854 17154.2 9399.64
0.855 17194.4 9412.61
0.856 17234.6 9425.56
0.857 17274.9 9438.5
0.858 17315.2 9451.42
0.859 17355.6 9464.33
0.86 17396 9477.21
0.861 17436.4 9490.08
0.862 17477 9502.94
0.863 17517.5 9515.77
0.864 17558.1 9528.59
0.865 17598.7 9541.4
0.866 17639.4 9554.18
0.867 17680.2 9566.95
0.868 17721 9579.7
0.869 17761.8 9592.43
0.87 17802.7 9605.14
0.871 17843.6 9617.84
0.872 17884.6 9630.52
0.873 17925.6 9643.18
0.874 17966.7 9655.82
0.875 18007.8 9668.45
0.876 18048.9 9681.05
0.877 18090.1 9693.64
0.878 18131.4 9706.21
0.879 18172.7 9718.76
0.88 18214 9731.3
0.881 18255.4 9743.81
0.882 18296.9 9756.31
0.883 18338.4 9768.79
0.884 18379.9 9781.25
0.885 18421.5 9793.69
0.886 18463.1 9806.11
0.887 18504.8 9818.51
0.888 18546.5 9830.89
0.889 18588.3 9843.26
0.89 18630.1 9855.6
0.891 18672 9867.93
0.892 18713.9 9880.24
0.893 18755.8 9892.52
0.894 18797.9 9904.79
0.895 18839.9 9917.04
0.896 18882 9929.27
0.897 18924.2 9941.48
0.898 18966.3 9953.67
0.899 19008.6 9965.84
0.9 19050.9 9977.99
0.901 19093.2 9990.12
0.902 19135.6 10002.2
0.903 19178 10014.3
0.904 19220.5 10026.4
0.905 19263 10038.4
0.906 19305.6 10050.5
0.907 19348.2 10062.5
0.908 19390.9 10074.5
0.909 19433.6 10086.4
0.91 19476.3 10098.4
0.911 19519.1 10110.3
0.912 19562 10122.2
0.913 19604.9 10134.1
0.914 19647.8 10146
0.915 19690.8 10157.8
0.916 19733.9 10169.6
0.917 19777 10181.4
0.918 19820.1 10193.2
0.919 19863.3 10205
0.92 19906.5 10216.7
0.921 19949.8 10228.4
0.922 19993.1 10240.1
0.923 20036.5 10251.8
0.924 20079.9 10263.4
0.925 20123.4 10275
0.926 20166.9 10286.7
0.927 20210.4 10298.2
0.928 20254 10309.8
0.929 20297.7 10321.3
0.93 20341.4 10332.9
0.931 20385.1 10344.4
0.932 20428.9 10355.8
0.933 20472.8 10367.3
0.934 20516.6 10378.7
0.935 20560.6 10390.1
0.936 20604.5 10401.5
0.937 20648.6 10412.9
0.938 20692.6 10424.2
0.939 20736.8 10435.5
0.94 20780.9 10446.8
0.941 20825.2 10458.1
0.942 20869.4 10469.3
0.943 20913.7 10480.5
0.944 20958.1 10491.8
0.945 21002.5 10502.9
0.946 21046.9 10514.1
0.947 21091.4 10525.2
0.948 21136 10536.3
0.949 21180.6 10547.4
0.95 21225.2 10558.5
0.951 21269.9 10569.5
0.952 21314.6 10580.5
0.953 21359.4 10591.5
0.954 21404.2 10602.5
0.955 21449.1 10613.4
0.956 21494 10624.3
0.957 21539 10635.2
0.958 21584 10646.1
0.959 21629.1 10656.9
0.96 21674.2 10667.7
0.961 21719.3 10678.5
0.962 21764.5 10689.3
0.963 21809.8 10700.1
0.964 21855.1 10710.8
0.965 21900.4 10721.5
0.966 21945.8 10732.2
0.967 21991.2 10742.8
0.968 22036.7 10753.4
0.969 22082.2 10764
0.97 22127.8 10774.6
0.971 22173.4 10785.1
0.972 22219.1 10795.7
0.973 22264.8 10806.2
0.974 22310.6 10816.6
0.975 22356.4 10827.1
0.976 22402.3 10837.5
0.977 22448.2 10847.9
0.978 22494.1 10858.3
0.979 22540.1 10868.6
0.98 22586.2 10878.9
0.981 22632.3 10889.2
0.982 22678.4 10899.5
0.983 22724.6 10909.7
0.984 22770.8 10919.9
0.985 22817.1 10930.1
0.986 22863.4 10940.3
0.987 22909.8 10950.4
0.988 22956.2 10960.5
0.989 23002.7 10970.6
0.99 23049.2 10980.6
0.991 23095.8 10990.7
0.992 23142.4 11000.7
0.993 23189.1 11010.7
0.994 23235.8 11020.6
0.995 23282.5 11030.5
0.996 23329.3 11040.4
0.997 23376.2 11050.3
0.998 23423.1 11060.1
0.999 23470 11069.9
1 23517 11079.7
1.001 23564 11089.5
1.002 23611.1 11099.2
1.003 23658.2 11108.9
1.004 23705.4 11118.6
1.005 23752.6 11128.2
1.006 23799.9 11137.8
1.007 23847.2 11147.4
1.008 23894.6 11157
1.009 23942 11166.5
1.01 23989.4 11176
1.011 24037 11185.5
1.012 24084.5 11195
1.013 24132.1 11204.4
1.014 24179.7 11213.8
1.015 24227.4 11223.2
1.016 24275.2 11232.5
1.017 24323 11241.8
1.018 24370.8 11251.1
1.019 24418.7 11260.3
1.02 24466.6 11269.6
1.021 24514.6 11278.7
1.022 24562.6 11287.9
1.023 24610.7 11297
1.024 24658.8 11306.2
1.025 24706.9 11315.2
1.026 24755.1 11324.3
1.027 24803.4 11333.3
1.028 24851.7 11342.3
1.029 24900.1 11351.2
1.03 24948.5 11360.2
1.031 24996.9 11369.1
1.032 25045.4 11377.9
1.033 25093.9 11386.8
1.034 25142.5 11395.6
1.035 25191.1 11404.4
1.036 25239.8 11413.1
1.037 25288.5 11421.8
1.038 25337.3 11430.5
1.039 25386.1 11439.2
1.04 25435 11447.8
1.041 25483.9 11456.4
1.042 25532.9 11465
1.043 25581.9 11473.5
1.044 25630.9 11482
1.045 25680 11490.5
1.046 25729.2 11499
1.047 25778.4 11507.4
1.048 25827.6 11515.8
1.049 25876.9 11524.1
1.05 25926.3 11532.4
1.051 25975.6 11540.7
1.052 26025.1 11549
1.053 26074.5 11557.2
1.054 26124.1 11565.4
1.055 26173.6 11573.6
1.056 26223.3 11581.7
1.057 26272.9 11589.8
1.058 26322.6 11597.9
1.059 26372.4 11605.9
1.06 26422.2 11614
1.061 26472.1 11621.9
1.062 26522 11629.9
1.063 26571.9 11637.8
1.064 26621.9 11645.7
1.065 26671.9 11653.5
1.066 26722 11661.3
1.067 26772.2 11669.1
1.068 26822.3 11676.9
1.069 26872.6 11684.6
1.07 26922.8 11692.3
1.071 26973.2 11699.9
1.072 27023.5 11707.5
1.073 27074 11715.1
1.074 27124.4 11722.7
1.075 27174.9 11730.2
1.076 27225.5 11737.7
1.077 27276.1 11745.2
1.078 27326.7 11752.6
1.079 27377.4 11760
1.08 27428.2 11767.3
1.081 27479 11774.7
1.082 27529.8 11781.9
1.083 27580.7 11789.2
1.084 27631.6 11796.4
1.085 27682.6 11803.6
1.086 27733.7 11810.8
1.087 27784.7 11817.9
1.088 27835.8 11825
1.089 27887 11832
1.09 27938.2 11839.1
1.091 27989.5 11846
1.092 28040.8 11853
1.093 28092.2 11859.9
1.094 28143.6 11866.8
1.095 28195 11873.6
1.096 28246.5 11880.5
1.097 28298.1 11887.2
1.098 28349.7 11894
1.099 28401.3 11900.7
1.1 28453 11907.4
1.101 28504.7 11914
1.102 28556.5 11920.6
1.103 28608.3 11927.2
1.104 28660.2 11933.7
1.105 28712.1 11940.2
1.106 28764.1 11946.7
1.107 28816.1 11953.1
1.108 28868.2 11959.5
1.109 28920.3 11965.9
1.11 28972.4 11972.2
1.111 29024.6 11978.5
1.112 29076.9 11984.7
1.113 29129.2 11990.9
1.114 29181.5 11997.1
1.115 29233.9 12003.3
1.116 29286.3 12009.4
1.117 29338.8 12015.5
1.118 29391.4 12021.5
1.119 29443.9 12027.5
1.12 29496.6 12033.5
1.121 29549.2 12039.4
1.122 29602 12045.3
1.123 29654.7 12051.1
1.124 29707.5 12057
1.125 29760.4 12062.7
1.126 29813.3 12068.5
1.127 29866.3 12074.2
1.128 29919.3 12079.9
1.129 29972.3 12085.5
1.13 30025.4 12091.1
1.131 30078.5 12096.7
1.132 30131.7 12102.2
1.133 30185 12107.7
1.134 30238.2 12113.1
1.135 30291.6 12118.5
1.136 30345 12123.9
1.137 30398.4 12129.2
1.138 30451.9 12134.5
1.139 30505.4 12139.8
1.14 30558.9 12145
1.141 30612.5 12150.2
1.142 30666.2 12155.4
1.143 30719.9 12160.5
1.144 30773.7 12165.5
1.145 30827.5 12170.6
1.146 30881.3 12175.6
1.147 30935.2 12180.5
1.148 30989.1 12185.4
1.149 31043.1 12190.3
1.15 31097.2 12195.2
1.151 31151.3 12200
1.152 31205.4 12204.7
1.153 31259.6 12209.5
1.154 31313.8 12214.2
1.155 31368.1 12218.8
1.156 31422.4 12223.4
1.157 31476.7 12228
1.158 31531.1 12232.5
1.159 31585.6 12237
1.16 31640.1 12241.5
1.161 31694.7 12245.9
1.162 31749.3 12250.2
1.163 31803.9 12254.6
1.164 31858.6 12258.9
1.165 31913.3 12263.1
1.166 31968.1 12267.4
1.167 32023 12271.5
1.168 32077.8 12275.7
1.169 32132.8 12279.8
1.17 32187.7 12283.8
1.171 32242.8 12287.8
1.172 32297.8 12291.8
1.173 32352.9 12295.7
1.174 32408.1 12299.6
1.175 32463.3 12303.5
1.176 32518.6 12307.3
1.177 32573.9 12311.1
1.178 32629.2 12314.8
1.179 32684.6 12318.5
1.18 32740.1 12322.2
1.181 32795.6 12325.8
1.182 32851.1 12329.4
1.183 32906.7 12332.9
1.184 32962.3 12336.4
1.185 33018 12339.8
1.186 33073.7 12343.2
1.187 33129.5 12346.6
1.188 33185.3 12349.9
1.189 33241.2 12353.2
1.19 33297.1 12356.4
1.191 33353.1 12359.6
1.192 33409.1 12362.8
1.193 33465.1 12365.9
1.194 33521.2 12369
1.195 33577.4 12372
1.196 33633.6 12375
1.197 33689.8 12378
1.198 33746.1 12380.9
1.199 33802.4 12383.7
1.2 33858.8 12386.6
1.201 33915.3 12389.3
1.202 33971.7 12392.1
1.203 34028.3 12394.8
1.204 34084.8 12397.4
1.205 34141.5 12400
1.206 34198.1 12402.6
1.207 34254.8 12405.1
1.208 34311.6 12407.6
1.209 34368.4 12410.1
1.21 34425.3 12412.5
1.211 34482.2 12414.8
1.212 34539.1 12417.1
1.213 34596.1 12419.4
1.214 34653.1 12421.6
1.215 34710.2 12423.8
1.216 34767.4 12425.9
1.217 34824.6 12428
1.218 34881.8 12430.1
1.219 34939.1 12432.1
1.22 34996.4 12434
1.221 35053.8 12436
1.222 35111.2 12437.8
1.223 35168.6 12439.7
1.224 35226.2 12441.5
1.225 35283.7 12443.2
1.226 35341.3 12444.9
1.227 35399 12446.6
1.228 35456.7 12448.2
1.229 35514.4 12449.7
1.23 35572.2 12451.3
1.231 35630.1 12452.7
1.232 35687.9 12454.2
1.233 35745.9 12455.6
1.234 35803.9 12456.9
1.235 35861.9 12458.2
1.236 35920 12459.5
1.237 35978.1 12460.7
1.238 36036.3 12461.8
1.239 36094.5 12462.9
1.24 36152.7 12464
1.241 36211 12465.1
1.242 36269.4 12466
1.243 36327.8 12467
1.244 36386.3 12467.9
1.245 36444.8 12468.7
1.246 36503.3 12469.5
1.247 36561.9 12470.3
1.248 36620.5 12471
1.249 36679.2 12471.6
1.25 36738 12472.3
1.251 36796.7 12472.8
1.252 36855.6 12473.4
1.253 36914.4 12473.8
1.254 36973.4 12474.3
1.255 37032.3 12474.7
1.256 37091.4 12475
1.257 37150.4 12475.3
1.258 37209.5 12475.5
1.259 37268.7 12475.7
1.26 37327.9 12475.9
1.261 37387.1 12476
1.262 37446.4 12476.1
1.263 37505.8 12476.1
1.264 37565.2 12476
1.265 37624.6 12476
1.266 37684.1 12475.8
1.267 37743.6 12475.7
1.268 37803.2 12475.4
1.269 37862.8 12475.2
1.27 37922.5 12474.9
1.271 37982.2 12474.5
1.272 38042 12474.1
1.273 38101.8 12473.6
1.274 38161.7 12473.1
1.275 38221.6 12472.6
1.276 38281.5 12472
1.277 38341.5 12471.3
1.278 38401.6 12470.6
1.279 38461.7 12469.9
1.28 38521.8 12469.1
1.281 38582 12468.2
1.282 38642.3 12467.3
1.283 38702.5 12466.4
1.284 38762.9 12465.4
1.285 38823.2 12464.4
1.286 38883.7 12463.3
1.287 38944.1 12462.2
1.288 39004.7 12461
1.289 39065.2 12459.7
1.29 39125.8 12458.5
1.291 39186.5 12457.1
1.292 39247.2 12455.8
1.293 39308 12454.3
1.294 39368.8 12452.8
1.295 39429.6 12451.3
1.296 39490.5 12449.7
1.297 39551.5 12448.1
1.298 39612.4 12446.4
1.299 39673.5 12444.7
1.3 39734.6 12442.9
1.301 39795.7 12441.1
1.302 39856.9 12439.3
1.303 39918.1 12437.3
1.304 39979.4 12435.4
1.305 40040.7 12433.3
1.306 40102 12431.3
1.307 40163.5 12429.1
1.308 40224.9 12427
1.309 40286.4 12424.7
1.31 40348 12422.5
1.311 40409.6 12420.1
1.312 40471.2 12417.8
1.313 40532.9 12415.3
1.314 40594.7 12412.9
1.315 40656.4 12410.3
1.316 40718.3 12407.8
1.317 40780.2 12405.1
1.318 40842.1 12402.5
1.319 40904.1 12399.7
1.32 40966.1 12396.9
1.321 41028.2 12394.1
1.322 41090.3 12391.2
1.323 41152.4 12388.3
1.324 41214.6 12385.3
1.325 41276.9 12382.3
1.326 41339.2 12379.2
1.327 41401.6 12376
1.328 41464 12372.8
1.329 41526.4 12369.6
1.33 41588.9 12366.3
1.331 41651.4 12362.9
1.332 41714 12359.5
1.333 41776.7 12356.1
1.334 41839.3 12352.6
1.335 41902.1 12349
1.336 41964.8 12345.4
1.337 42027.7 12341.8
1.338 42090.5 12338
1.339 42153.4 12334.3
1.34 42216.4 12330.5
1.341 42279.4 12326.6
1.342 42342.5 12322.7
1.343 42405.6 12318.7
1.344 42468.7 12314.6
1.345 42531.9 12310.6
1.346 42595.2 12306.4
1.347 42658.5 12302.2
1.348 42721.8 12298
1.349 42785.2 12293.7
1.35 42848.6 12289.3
1.351 42912.1 12284.9
1.352 42975.6 12280.5
1.353 43039.2 12276
1.354 43102.8 12271.4
1.355 43166.5 12266.8
1.356 43230.2 12262.1
1.357 43294 12257.4
1.358 43357.8 12252.6
1.359 43421.6 12247.8
1.36 43485.5 12242.9
1.361 43549.5 12237.9
1.362 43613.5 12233
1.363 43677.5 12227.9
1.364 43741.6 12222.8
1.365 43805.7 12217.6
1.366 43869.9 12212.4
1.367 43934.2 12207.2
1.368 43998.4 12201.8
1.369 44062.8 12196.5
1.37 44127.1 12191
1.371 44191.6 12185.5
1.372 44256 12180
1.373 44320.5 12174.4
1.374 44385.1 12168.7
1.375 44449.7 12163
1.376 44514.4 12157.3
1.377 44579.1 12151.4
1.378 44643.8 12145.6
1.379 44708.6 12139.6
1.38 44773.4 12133.7
1.381 44838.3 12127.6
1.382 44903.3 12121.5
1.383 44968.3 12115.4
1.384 45033.3 12109.2
1.385 45098.4 12102.9
1.386 45163.5 12096.6
1.387 45228.7 12090.2
1.388 45293.9 12083.8
1.389 45359.1 12077.3
1.39 45424.5 12070.7
1.391 45489.8 12064.1
1.392 45555.2 12057.5
1.393 45620.7 12050.7
1.394 45686.2 12044
1.395 45751.7 12037.1
1.396 45817.3 12030.3
1.397 45882.9 12023.3
1.398 45948.6 12016.3
1.399 46014.4 12009.3
1.4 46080.2 12002.1
1.401 46146 11995
1.402 46211.9 11987.7
1.403 46277.8 11980.5
1.404 46343.8 11973.1
1.405 46409.8 11965.7
1.406 46475.8 11958.3
1.407 46541.9 11950.7
1.408 46608.1 11943.2
1.409 46674.3 11935.5
1.41 46740.6 11927.9
1.411 46806.9 11920.1
1.412 46873.2 11912.3
1.413 46939.6 11904.4
1.414 47006 11896.5
1.415 47072.5 11888.5
1.416 47139.1 11880.5
1.417 47205.6 11872.4
1.418 47272.3 11864.3
1.419 47338.9 11856
1.42 47405.7 11847.8
1.421 47472.4 11839.4
1.422 47539.2 11831.1
1.423 47606.1 11822.6
1.424 47673 11814.1
1.425 47740 11805.5
1.426 47807 11796.9
1.427 47874 11788.2
1.428 47941.1 11779.5
1.429 48008.3 11770.7
1.43 48075.5 11761.8
1.431 48142.7 11752.9
1.432 48210 11743.9
1.433 48277.3 11734.9
1.434 48344.7 11725.8
1.435 48412.1 11716.6
1.436 48479.6 11707.4
1.437 48547.1 11698.1
1.438 48614.7 11688.8
1.439 48682.3 11679.4
1.44 48750 11670
1.441 48817.7 11660.4
1.442 48885.4 11650.9
1.443 48953.2 11641.2
1.444 49021.1 11631.5
1.445 49089 11621.8
1.446 49156.9 11611.9
1.447 49224.9 11602.1
1.448 49292.9 11592.1
1.449 49361 11582.1
1.45 49429.2 11572.1
1.451 49497.3 11561.9
1.452 49565.6 11551.8
1.453 49633.8 11541.5
1.454 49702.1 11531.2
1.455 49770.5 11520.8
1.456 49838.9 11510.4
1.457 49907.4 11499.9
1.458 49975.9 11489.4
1.459 50044.4 11478.7
1.46 50113 11468.1
1.461 50181.7 11457.3
1.462 50250.4 11446.5
1.463 50319.1 11435.7
1.464 50387.9 11424.8
1.465 50456.8 11413.8
1.466 50525.6 11402.7
1.467 50594.6 11391.6
1.468 50663.5 11380.5
1.469 50732.6 11369.2
1.47 50801.6 11357.9
1.471 50870.8 11346.6
1.472 50939.9 11335.2
1.473 51009.1 11323.7
1.474 51078.4 11312.1
1.475 51147.7 11300.5
1.476 51217.1 11288.9
1.477 51286.5 11277.1
1.478 51355.9 11265.3
1.479 51425.4 11253.5
1.48 51494.9 11241.6
1.481 51564.5 11229.6
1.482 51634.2 11217.5
1.483 51703.8 11205.4
1.484 51773.6 11193.2
1.485 51843.3 11181
1.486 51913.2 11168.7
1.487 51983 11156.3
1.488 52053 11143.9
1.489 52122.9 11131.4
1.49 52192.9 11118.9
1.491 52263 11106.2
1.492 52333.1 11093.6
1.493 52403.2 11080.8
1.494 52473.4 11068
1.495 52543.7 11055.1
1.496 52614 11042.2
1.497 52684.3 11029.2
1.498 52754.7 11016.1
1.499 52825.1 11003
1.5 52895.6 10989.8
1.501 52966.1 10976.5
1.502 53036.7 10963.2
1.503 53107.3 10949.8
1.504 53178 10936.3
1.505 53248.7 10922.8
1.506 53319.5 10909.2
1.507 53390.3 10895.6
1.508 53461.2 10881.9
1.509 53532.1 10868.1
1.51 53603 10854.2
1.511 53674 10840.3
1.512 53745.1 10826.4
1.513 53816.1 10812.3
1.514 53887.3 10798.2
1.515 53958.5 10784
1.516 54029.7 10769.8
1.517 54101 10755.5
1.518 54172.3 10741.1
1.519 54243.7 10726.7
1.52 54315.1 10712.2
1.521 54386.6 10697.6
1.522 54458.1 10683
1.523 54529.6 10668.3
1.524 54601.2 10653.5
1.525 54672.9 10638.7
1.526 54744.6 10623.8
1.527 54816.4 10608.8
1.528 54888.2 10593.8
1.529 54960 10578.7
1.53 55031.9 10563.5
1.531 55103.8 10548.3
1.532 55175.8 10533
1.533 55247.8 10517.6
1.534 55319.9 10502.2
1.535 55392 10486.7
1.536 55464.2 10471.1
1.537 55536.4 10455.5
1.538 55608.7 10439.8
1.539 55681 10424
1.54 55753.4 10408.1
1.541 55825.8 10392.2
1.542 55898.2 10376.3
1.543 55970.7 10360.2
1.544 56043.3 10344.1
1.545 56115.9 10327.9
1.546 56188.5 10311.7
1.547 56261.2 10295.4
1.548 56333.9 10279
1.549 56406.7 10262.5
1.55 56479.6 10246
1.551 56552.4 10229.4
1.552 56625.4 10212.8
1.553 56698.3 10196.1
1.554 56771.3 10179.3
1.555 56844.4 10162.4
1.556 56917.5 10145.5
1.557 56990.7 10128.5
1.558 57063.9 10111.4
1.559 57137.1 10094.3
1.56 57210.4 10077.1
1.561 57283.8 10059.8
1.562 57357.2 10042.5
1.563 57430.6 10025.1
1.564 57504.1 10007.6
1.565 57577.6 9990.02
1.566 57651.2 9972.4
1.567 57724.9 9954.71
1.568 57798.5 9936.96
1.569 57872.2 9919.13
1.57 57946 9901.23
1.571 58019.8 9883.26
1.572 58093.7 9865.22
1.573 58167.6 9847.12
1.574 58241.6 9828.94
1.575 58315.6 9810.69
1.576 58389.6 9792.37
1.577 58463.7 9773.98
1.578 58537.9 9755.52
1.579 58612.1 9737
1.58 58686.3 9718.4
1.581 58760.6 9699.73
1.582 58834.9 9680.99
1.583 58909.3 9662.17
1.584 58983.7 9643.29
1.585 59058.2 9624.34
1.586 59132.7 9605.32
1.587 59207.3 9586.22
1.588 59281.9 9567.05
1.589 59356.6 9547.82
1.59 59431.3 9528.51
1.591 59506 9509.13
1.592 59580.8 9489.68
1.593 59655.7 9470.16
1.594 59730.6 9450.56
1.595 59805.5 9430.9
1.596 59880.5 9411.16
1.597 59955.6 9391.35
1.598 60030.6 9371.47
1.599 60105.8 9351.52
1.6 60181 9331.49
1.601 60256.2 9311.4
1.602 60331.5 9291.23
1.603 60406.8 9270.99
1.604 60482.1 9250.68
1.605 60557.6 9230.29
1.606 60633 9209.83
1.607 60708.5 9189.3
1.608 60784.1 9168.7
1.609 60859.7 9148.02
1.61 60935.3 9127.28
1.611 61011 9106.46
1.612 61086.8 9085.56
1.613 61162.6 9064.6
1.614 61238.4 9043.56
1.615 61314.3 9022.44
1.616 61390.2 9001.26
1.617 61466.2 8980
1.618 61542.2 8958.67
1.619 61618.3 8937.26
1.62 61694.4 8915.78
1.621 61770.6 8894.23
1.622 61846.8 8872.6
1.623 61923 8850.9
1.624 61999.4 8829.13
1.625 62075.7 8807.28
1.626 62152.1 8785.36
1.627 62228.6 8763.36
1.628 62305.1 8741.29
1.629 62381.6 8719.15
1.63 62458.2 8696.93
1.631 62534.8 8674.64
1.632 62611.5 8652.28
1.633 62688.2 8629.83
1.634 62765 8607.32
1.635 62841.8 8584.73
1.636 62918.7 8562.07
1.637 62995.6 8539.33
1.638 63072.6 8516.51
1.639 63149.6 8493.62
1.64 63226.7 8470.66
1.641 63303.8 8447.62
1.642 63380.9 8424.51
1.643 63458.1 8401.32
1.644 63535.4 8378.05
1.645 63612.7 8354.72
1.646 63690 8331.3
1.647 63767.4 8307.81
1.648 63844.8 8284.24
1.649 63922.3 8260.6
1.65 63999.8 8236.89
1.651 64077.4 8213.09
1.652 64155 8189.22
1.653 64232.7 8165.28
1.654 64310.4 8141.26
1.655 64388.2 8117.16
1.656 64466 8092.99
1.657 64543.8 8068.74
1.658 64621.7 8044.42
1.659 64699.7 8020.02
1.66 64777.7 7995.54
1.661 64855.7 7970.98
1.662 64933.8 7946.35
1.663 65012 7921.64
1.664 65090.2 7896.86
1.665 65168.4 7872
1.666 65246.7 7847.06
1.667 65325 7822.05
1.668 65403.4 7796.95
1.669 65481.8 7771.79
1.67 65560.3 7746.54
1.671 65638.8 7721.22
1.672 65717.3 7695.82
1.673 65796 7670.34
1.674 65874.6 7644.78
1.675 65953.3 7619.15
1.676 66032.1 7593.44
1.677 66110.9 7567.65
1.678 66189.7 7541.78
1.679 66268.6 7515.84
1.68 66347.5 7489.82
1.681 66426.5 7463.72
1.682 66505.5 7437.54
1.683 66584.6 7411.28
1.684 66663.8 7384.95
1.685 66742.9 7358.54
1.686 66822.1 7332.05
1.687 66901.4 7305.48
1.688 66980.7 7278.83
1.689 67060.1 7252.1
1.69 67139.5 7225.3
1.691 67219 7198.42
1.692 67298.5 7171.45
1.693 67378 7144.41
1.694 67457.6 7117.29
1.695 67537.2 7090.09
1.696 67616.9 7062.81
1.697 67696.7 7035.46
1.698 67776.5 7008.02
1.699 67856.3 6980.5
1.7 67936.2 6952.91
1.701 68016.1 6925.23
1.702 68096.1 6897.48
1.703 68176.1 6869.64
1.704 68256.1 6841.73
1.705 68336.3 6813.74
1.706 68416.4 6785.66
1.707 68496.6 6757.51
1.708 68576.9 6729.28
1.709 68657.2 6700.96
1.71 68737.5 6672.57
1.711 68817.9 6644.09
1.712 68898.4 6615.54
1.713 68978.9 6586.91
1.714 69059.4 6558.19
1.715 69140 6529.4
1.716 69220.6 6500.52
1.717 69301.3 6471.56
1.718 69382 6442.53
1.719 69462.8 6413.41
1.72 69543.6 6384.21
1.721 69624.5 6354.93
1.722 69705.4 6325.57
1.723 69786.3 6296.13
1.724 69867.3 6266.6
1.725 69948.4 6237
1.726 70029.5 6207.31
1.727 70110.6 6177.55
1.728 70191.8 6147.7
1.729 70273.1 6117.77
1.73 70354.3 6087.75
1.731 70435.7 6057.66
1.732 70517.1 6027.49
1.733 70598.5 5997.23
1.734 70680 5966.89
1.735 70761.5 5936.47
1.736 70843.1 5905.96
1.737 70924.7 5875.38
1.738 71006.3 5844.71
1.739 71088.1 5813.96
1.74 71169.8 5783.13
1.741 71251.6 5752.22
1.742 71333.5 5721.22
1.743 71415.4 5690.14
1.744 71497.3 5658.98
1.745 71579.3 5627.73
1.746 71661.3 5596.4
1.747 71743.4 5564.99
1.748 71825.6 5533.5
1.749 71907.7 5501.92
1.75 71990 5470.26
1.751 72072.2 5438.52
1.752 72154.6 5406.69
1.753 72236.9 5374.78
1.754 72319.3 5342.79
1.755 72401.8 5310.71
1.756 72484.3 5278.55
1.757 72566.9 5246.31
1.758 72649.5 5213.98
1.759 72732.1 5181.57
1.76 72814.8 5149.07
1.761 72897.6 5116.49
1.762 72980.4 5083.83
1.763 73063.2 5051.08
1.764 73146.1 5018.25
1.765 73229 4985.34
1.766 73312 4952.34
1.767 73395 4919.25
1.768 73478.1 4886.08
1.769 73561.2 4852.83
1.77 73644.4 4819.49
1.771 73727.6 4786.07
1.772 73810.9 4752.56
1.773 73894.2 4718.97
1.774 73977.5 4685.29
1.775 74060.9 4651.53
1.776 74144.4 4617.69
1.777 74227.9 4583.75
1.778 74311.4 4549.74
1.779 74395 4515.63
1.78 74478.6 4481.45
1.781 74562.3 4447.17
1.782 74646 4412.81
1.783 74729.8 4378.37
1.784 74813.7 4343.84
1.785 74897.5 4309.22
1.786 74981.4 4274.52
1.787 75065.4 4239.73
1.788 75149.4 4204.86
1.789 75233.5 4169.9
1.79 75317.6 4134.86
1.791 75401.7 4099.73
1.792 75485.9 4064.51
1.793 75570.2 4029.2
1.794 75654.5 3993.81
1.795 75738.8 3958.34
1.796 75823.2 3922.77
1.797 75907.6 3887.12
1.798 75992.1 3851.39
1.799 76076.7 3815.56
1.8 76161.2 3779.65
1.801 76245.9 3743.65
1.802 76330.5 3707.57
1.803 76415.3 3671.4
1.804 76500 3635.14
1.805 76584.8 3598.79
1.806 76669.7 3562.36
1.807 76754.6 3525.84
1.808 76839.5 3489.23
1.809 76924.5 3452.54
1.81 77009.6 3415.76
1.811 77094.7 3378.89
1.812 77179.8 3341.93
1.813 77265 3304.88
1.814 77350.2 3267.75
1.815 77435.5 3230.53
1.816 77520.9 3193.22
1.817 77606.2 3155.82
1.818 77691.7 3118.33
1.819 77777.1 3080.76
1.82 77862.6 3043.1
1.821 77948.2 3005.35
1.822 78033.8 2967.51
1.823 78119.5 2929.58
1.824 78205.2 2891.56
1.825 78290.9 2853.46
1.826 78376.7 2815.26
1.827 78462.6 2776.98
1.828 78548.5 2738.61
1.829 78634.4 2700.15
1.83 78720.4 2661.6
1.831 78806.4 2622.96
1.832 78892.5 2584.23
1.833 78978.6 2545.41
1.834 79064.8 2506.51
1.835 79151 2467.51
1.836 79237.3 2428.42
1.837 79323.6 2389.25
1.838 79410 2349.98
1.839 79496.4 2310.63
1.84 79582.8 2271.18
1.841 79669.3 2231.65
1.842 79755.9 2192.03
1.843 79842.5 2152.31
1.844 79929.1 2112.51
1.845 80015.8 2072.61
1.846 80102.6 2032.63
1.847 80189.3 1992.55
1.848 80276.2 1952.39
1.849 80363.1 1912.13
1.85 80450 1871.78
1.851 80537 1831.35
1.852 80624 1790.82
1.853 80711 1750.2
1.854 80798.2 1709.49
1.855 80885.3 1668.69
1.856 80972.5 1627.8
1.857 81059.8 1586.82
1.858 81147.1 1545.74
1.859 81234.4 1504.58
1.86 81321.8 1463.32
1.861 81409.3 1421.97
1.862 81496.8 1380.53
1.863 81584.3 1339
1.864 81671.9 1297.38
1.865 81759.5 1255.67
1.866 81847.2 1213.86
1.867 81934.9 1171.96
1.868 82022.7 1129.98
1.869 82110.5 1087.89
1.87 82198.4 1045.72
1.871 82286.3 1003.46
1.872 82374.2 961.098
1.873 82462.2 918.648
1.874 82550.3 876.106
1.875 82638.4 833.471
1.876 82726.5 790.744
1.877 82814.7 747.925
1.878 82903 705.013
1.879 82991.3 662.008
1.88 83079.6 618.91
1.881 83168 575.72
1.882 83256.4 532.436
1.883 83344.9 489.06
1.884 83433.4 445.59
1.885 83522 402.028
1.886 83610.6 358.372
1.887 83699.3 314.622
1.888 83788 270.78
1.889 83876.7 226.844
1.89 83965.5 182.814
1.891 84054.4 138.691
1.892 84143.3 94.4744
1.893 84232.2 50.1638
1.894 84321.2 5.75945
1.895 84410.3 -38.7388
