0 0 0
0.001 0.0453154 0.0211061
0.002 0.135946 0.0874285
0.003 0.271892 0.198893
0.004 0.453154 0.355424
0.005 0.679731 0.556949
0.006 0.951623 0.803393
0.007 1.26883 1.09468
0.008 1.63135 1.43074
0.009 2.03919 1.81149
0.01 2.49235 2.23687
0.011 2.99082 2.70679
0.012 3.5346 3.22118
0.013 4.1237 3.77998
0.014 4.75812 4.38309
0.015 5.43785 5.03046
0.016 6.16289 5.722
0.017 6.93325 6.45764
0.018 7.74893 7.23731
0.019 8.60992 8.06093
0.02 9.51623 8.92842
0.021 10.4679 9.83972
0.022 11.4648 10.7948
0.023 12.507 11.7934
0.024 13.5946 12.8357
0.025 14.7275 13.9215
0.026 15.9057 15.0507
0.027 17.1292 16.2232
0.028 18.398 17.4391
0.029 19.7122 18.6981
0.03 21.0716 20.0003
0.031 22.4764 21.3455
0.032 23.9265 22.7338
0.033 25.4219 24.1649
0.034 26.9626 25.6389
0.035 28.5487 27.1556
0.036 30.18 28.715
0.037 31.8567 30.3171
0.038 33.5787 31.9616
0.039 35.346 33.6487
0.04 37.1586 35.3781
0.041 39.0165 37.1499
0.042 40.9197 38.9639
0.043 42.8683 40.82
0.044 44.8622 42.7183
0.045 46.9014 44.6585
0.046 48.9859 46.6407
0.047 51.1157 48.6648
0.048 53.2908 50.7307
0.049 55.5113 52.8383
0.05 57.777 54.9875
0.051 60.0881 57.1784
0.052 62.4445 59.4107
0.053 64.8463 61.6844
0.054 67.2933 63.9995
0.055 69.7857 66.3559
0.056 72.3233 68.7535
0.057 74.9063 71.1922
0.058 77.5346 73.672
0.059 80.2083 76.1927
0.06 82.9272 78.7544
0.061 85.6915 81.3569
0.062 88.5011 84.0001
0.063 91.356 86.684
0.064 94.2562 89.4086
0.065 97.2018 92.1737
0.066 100.193 94.9792
0.067 103.229 97.8251
0.068 106.31 100.711
0.069 109.437 103.638
0.07 112.609 106.604
0.071 115.827 109.611
0.072 119.09 112.658
0.073 122.398 115.745
0.074 125.751 118.871
0.075 129.15 122.038
0.076 132.594 125.244
0.077 136.084 128.489
0.078 139.618 131.775
0.079 143.198 135.099
0.08 146.824 138.464
0.081 150.494 141.867
0.082 154.21 145.31
0.083 157.972 148.792
0.084 161.778 152.313
0.085 165.63 155.873
0.086 169.528 159.473
0.087 173.47 163.111
0.088 177.458 166.787
0.089 181.492 170.503
0.09 185.57 174.257
0.091 189.694 178.05
0.092 193.863 181.882
0.093 198.078 185.752
0.094 202.338 189.66
0.095 206.643 193.607
0.096 210.993 197.591
0.097 215.389 201.614
0.098 219.83 205.675
0.099 224.317 209.774
0.1 228.848 213.911
0.101 233.426 218.086
0.102 238.048 222.299
0.103 242.716 226.549
0.104 247.429 230.837
0.105 252.187 235.163
0.106 256.991 239.526
0.107 261.84 243.926
0.108 266.734 248.364
0.109 271.674 252.839
0.11 276.659 257.351
0.111 281.689 261.9
0.112 286.765 266.487
0.113 291.886 271.11
0.114 297.052 275.77
0.115 302.263 280.467
0.116 307.52 285.201
0.117 312.822 289.971
0.118 318.17 294.778
0.119 323.563 299.622
0.12 329.001 304.502
0.121 334.484 309.418
0.122 340.013 314.371
0.123 345.587 319.36
0.124 351.207 324.385
0.125 356.871 329.446
0.126 362.581 334.543
0.127 368.337 339.676
0.128 374.137 344.845
0.129 379.983 350.05
0.13 385.875 355.29
0.131 391.811 360.566
0.132 397.793 365.877
0.133 403.821 371.224
0.134 409.893 376.607
0.135 416.011 382.024
0.136 422.174 387.477
0.137 428.383 392.966
0.138 434.637 398.489
0.139 440.936 404.047
0.14 447.281 409.64
0.141 453.67 415.268
0.142 460.106 420.931
0.143 466.586 426.629
0.144 473.112 432.361
0.145 479.683 438.128
0.146 486.299 443.93
0.147 492.961 449.765
0.148 499.668 455.636
0.149 506.42 461.54
0.15 513.218 467.479
0.151 520.061 473.452
0.152 526.949 479.459
0.153 533.883 485.5
0.154 540.862 491.574
0.155 547.886 497.683
0.156 554.956 503.825
0.157 562.071 510.001
0.158 569.231 516.211
0.159 576.437 522.454
0.16 583.688 528.731
0.161 590.984 535.041
0.162 598.325 541.385
0.163 605.712 547.761
0.164 613.144 554.171
0.165 620.622 560.614
0.166 628.144 567.09
0.167 635.713 573.599
0.168 643.326 580.141
0.169 650.985 586.716
0.17 658.689 593.323
0.171 666.438 599.963
0.172 674.233 606.635
0.173 682.073 613.341
0.174 689.958 620.078
0.175 697.889 626.848
0.176 705.865 633.65
0.177 713.886 640.484
0.178 721.953 647.351
0.179 730.064 654.249
0.18 738.222 661.18
0.181 746.424 668.142
0.182 754.672 675.136
0.183 762.965 682.162
0.184 771.304 689.22
0.185 779.688 696.309
0.186 788.117 703.43
0.187 796.591 710.582
0.188 805.111 717.766
0.189 813.676 724.981
0.19 822.286 732.227
0.191 830.942 739.504
0.192 839.643 746.813
0.193 848.39 754.152
0.194 857.181 761.523
0.195 866.018 768.924
0.196 874.901 776.356
0.197 883.828 783.819
0.198 892.801 791.312
0.199 901.819 798.836
0.2 910.883 806.391
0.201 919.992 813.976
0.202 929.146 821.591
0.203 938.346 829.237
0.204 947.591 836.912
0.205 956.881 844.618
0.206 966.216 852.354
0.207 975.597 860.12
0.208 985.023 867.916
0.209 994.495 875.741
0.21 1004.01 883.596
0.211 1013.57 891.481
0.212 1023.18 899.396
0.213 1032.83 907.34
0.214 1042.53 915.314
0.215 1052.27 923.317
0.216 1062.06 931.349
0.217 1071.9 939.411
0.218 1081.78 947.501
0.219 1091.7 955.621
0.22 1101.67 963.77
0.221 1111.69 971.947
0.222 1121.75 980.154
0.223 1131.85 988.389
0.224 1142 996.653
0.225 1152.2 1004.95
0.226 1162.44 1013.27
0.227 1172.73 1021.62
0.228 1183.06 1029.99
0.229 1193.44 1038.4
0.23 1203.86 1046.84
0.231 1214.33 1055.3
0.232 1224.85 1063.79
0.233 1235.4 1072.31
0.234 1246.01 1080.86
0.235 1256.66 1089.43
0.236 1267.35 1098.03
0.237 1278.09 1106.66
0.238 1288.88 1115.32
0.239 1299.71 1124.01
0.24 1310.59 1132.72
0.241 1321.51 1141.46
0.242 1332.48 1150.23
0.243 1343.49 1159.03
0.244 1354.55 1167.85
0.245 1365.65 1176.7
0.246 1376.8 1185.57
0.247 1387.99 1194.48
0.248 1399.23 1203.41
0.249 1410.51 1212.37
0.25 1421.84 1221.35
0.251 1433.22 1230.36
0.252 1444.64 1239.4
0.253 1456.1 1248.46
0.254 1467.61 1257.55
0.255 1479.17 1266.67
0.256 1490.77 1275.81
0.257 1502.42 1284.98
0.258 1514.11 1294.18
0.259 1525.85 1303.4
0.26 1537.63 1312.65
0.261 1549.46 1321.92
0.262 1561.33 1331.22
0.263 1573.25 1340.55
0.264 1585.21 1349.9
0.265 1597.22 1359.28
0.266 1609.28 1368.68
0.267 1621.38 1378.11
0.268 1633.52 1387.56
0.269 1645.71 1397.04
0.27 1657.95 1406.55
0.271 1670.23 1416.08
0.272 1682.56 1425.63
0.273 1694.93 1435.21
0.274 1707.35 1444.81
0.275 1719.81 1454.44
0.276 1732.32 1464.1
0.277 1744.87 1473.78
0.278 1757.47 1483.48
0.279 1770.11 1493.21
0.28 1782.8 1502.96
0.281 1795.53 1512.74
0.282 1808.31 1522.54
0.283 1821.14 1532.37
0.284 1834.01 1542.22
0.285 1846.93 1552.09
0.286 1859.89 1561.99
0.287 1872.89 1571.91
0.288 1885.94 1581.86
0.289 1899.04 1591.83
0.29 1912.18 1601.83
0.291 1925.37 1611.84
0.292 1938.6 1621.89
0.293 1951.88 1631.95
0.294 1965.2 1642.04
0.295 1978.57 1652.15
0.296 1991.99 1662.29
0.297 2005.45 1672.45
0.298 2018.95 1682.63
0.299 2032.5 1692.83
0.3 2046.1 1703.06
0.301 2059.74 1713.31
0.302 2073.42 1723.59
0.303 2087.16 1733.88
0.304 2100.93 1744.2
0.305 2114.75 1754.55
0.306 2128.62 1764.91
0.307 2142.53 1775.3
0.308 2156.49 1785.71
0.309 2170.5 1796.14
0.31 2184.54 1806.6
0.311 2198.64 1817.07
0.312 2212.78 1827.57
0.313 2226.96 1838.09
0.314 2241.19 1848.64
0.315 2255.47 1859.2
0.316 2269.79 1869.79
0.317 2284.15 1880.4
0.318 2298.56 1891.03
0.319 2313.02 1901.68
0.32 2327.52 1912.35
0.321 2342.07 1923.05
0.322 2356.66 1933.77
0.323 2371.3 1944.5
0.324 2385.98 1955.26
0.325 2400.71 1966.04
0.326 2415.48 1976.85
0.327 2430.3 1987.67
0.328 2445.17 1998.51
0.329 2460.08 2009.38
0.33 2475.03 2020.26
0.331 2490.03 2031.17
0.332 2505.08 2042.1
0.333 2520.17 2053.04
0.334 2535.3 2064.01
0.335 2550.49 2075
0.336 2565.71 2086.01
0.337 2580.98 2097.04
0.338 2596.3 2108.09
0.339 2611.67 2119.16
0.34 2627.07 2130.25
0.341 2642.53 2141.36
0.342 2658.03 2152.48
0.343 2673.57 2163.63
0.344 2689.16 2174.8
0.345 2704.79 2185.99
0.346 2720.47 2197.2
0.347 2736.2 2208.43
0.348 2751.97 2219.68
0.349 2767.79 2230.94
0.35 2783.65 2242.23
0.351 2799.55 2253.53
0.352 2815.51 2264.86
0.353 2831.5 2276.2
0.354 2847.55 2287.57
0.355 2863.63 2298.95
0.356 2879.77 2310.35
0.357 2895.94 2321.77
0.358 2912.17 2333.21
0.359 2928.44 2344.66
0.36 2944.75 2356.14
0.361 2961.11 2367.63
0.362 2977.52 2379.15
0.363 2993.97 2390.68
0.364 3010.46 2402.23
0.365 3027 2413.79
0.366 3043.59 2425.38
0.367 3060.22 2436.98
0.368 3076.9 2448.6
0.369 3093.62 2460.24
0.37 3110.39 2471.9
0.371 3127.2 2483.58
0.372 3144.06 2495.27
0.373 3160.96 2506.98
0.374 3177.91 2518.71
0.375 3194.91 2530.45
0.376 3211.95 2542.22
0.377 3229.03 2554
0.378 3246.16 2565.79
0.379 3263.34 2577.61
0.38 3280.56 2589.44
0.381 3297.82 2601.29
0.382 3315.14 2613.16
0.383 3332.49 2625.04
0.384 3349.89 2636.94
0.385 3367.34 2648.85
0.386 3384.83 2660.79
0.387 3402.37 2672.74
0.388 3419.96 2684.7
0.389 3437.58 2696.68
0.39 3455.26 2708.68
0.391 3472.98 2720.7
0.392 3490.74 2732.73
0.393 3508.55 2744.78
0.394 3526.41 2756.84
0.395 3544.31 2768.92
0.396 3562.25 2781.02
0.397 3580.25 2793.13
0.398 3598.28 2805.25
0.399 3616.36 2817.4
0.4 3634.49 2829.56
0.401 3652.66 2841.73
0.402 3670.88 2853.92
0.403 3689.14 2866.12
0.404 3707.45 2878.34
0.405 3725.81 2890.58
0.406 3744.21 2902.83
0.407 3762.65 2915.09
0.408 3781.14 2927.38
0.409 3799.67 2939.67
0.41 3818.26 2951.98
0.411 3836.88 2964.31
0.412 3855.55 2976.65
0.413 3874.27 2989
0.414 3893.03 3001.37
0.415 3911.84 3013.75
0.416 3930.69 3026.15
0.417 3949.59 3038.56
0.418 3968.53 3050.99
0.419 3987.52 3063.43
0.42 4006.55 3075.89
0.421 4025.63 3088.36
0.422 4044.75 3100.84
0.423 4063.92 3113.34
0.424 4083.14 3125.85
0.425 4102.4 3138.37
0.426 4121.7 3150.91
0.427 4141.06 3163.46
0.428 4160.45 3176.03
0.429 4179.89 3188.61
0.43 4199.38 3201.2
0.431 4218.91 3213.81
0.432 4238.49 3226.42
0.433 4258.11 3239.06
0.434 4277.78 3251.7
0.435 4297.49 3264.36
0.436 4317.25 3277.03
0.437 4337.06 3289.71
0.438 4356.9 3302.41
0.439 4376.8 3315.12
0.44 4396.74 3327.84
0.441 4416.72 3340.58
0.442 4436.75 3353.33
0.443 4456.83 3366.09
0.444 4476.95 3378.86
0.445 4497.12 3391.64
0.446 4517.33 3404.44
0.447 4537.59 3417.25
0.448 4557.89 3430.07
0.449 4578.24 3442.9
0.45 4598.63 3455.74
0.451 4619.07 3468.6
0.452 4639.55 3481.47
0.453 4660.08 3494.35
0.454 4680.66 3507.24
0.455 4701.28 3520.14
0.456 4721.94 3533.06
0.457 4742.65 3545.98
0.458 4763.41 3558.92
0.459 4784.21 3571.87
0.46 4805.05 3584.83
0.461 4825.95 3597.8
0.462 4846.88 3610.78
0.463 4867.86 3623.77
0.464 4888.89 3636.78
0.465 4909.96 3649.79
0.466 4931.08 3662.81
0.467 4952.25 3675.85
0.468 4973.45 3688.9
0.469 4994.71 3701.95
0.47 5016.01 3715.02
0.471 5037.35 3728.1
0.472 5058.74 3741.18
0.473 5080.18 3754.28
0.474 5101.66 3767.39
0.475 5123.19 3780.51
0.476 5144.76 3793.63
0.477 5166.37 3806.77
0.478 5188.04 3819.92
0.479 5209.74 3833.08
0.48 5231.5 3846.24
0.481 5253.29 3859.42
0.482 5275.14 3872.61
0.483 5297.02 3885.8
0.484 5318.96 3899.01
0.485 5340.94 3912.22
0.486 5362.96 3925.44
0.487 5385.03 3938.68
0.488 5407.15 3951.92
0.489 5429.31 3965.17
0.49 5451.51 3978.43
0.491 5473.76 3991.7
0.492 5496.06 4004.97
0.493 5518.4 4018.26
0.494 5540.79 4031.56
0.495 5563.22 4044.86
0.496 5585.7 4058.17
0.497 5608.22 4071.49
0.498 5630.79 4084.82
0.499 5653.41 4098.15
0.5 5676.06 4111.5
0.501 5698.77 4124.85
0.502 5721.52 4138.21
0.503 5744.31 4151.58
0.504 5767.15 4164.96
0.505 5790.04 4178.34
0.506 5812.97 4191.74
0.507 5835.95 4205.14
0.508 5858.97 4218.54
0.509 5882.03 4231.96
0.51 5905.15 4245.38
0.511 5928.3 4258.81
0.512 5951.51 4272.25
0.513 5974.75 4285.69
0.514 5998.05 4299.14
0.515 6021.39 4312.6
0.516 6044.77 4326.07
0.517 6068.2 4339.54
0.518 6091.68 4353.02
0.519 6115.2 4366.51
0.52 6138.76 4380
0.521 6162.37 4393.5
0.522 6186.03 4407
0.523 6209.73 4420.52
0.524 6233.47 4434.03
0.525 6257.27 4447.56
0.526 6281.1 4461.09
0.527 6304.99 4474.63
0.528 6328.91 4488.17
0.529 6352.89 4501.72
0.53 6376.91 4515.28
0.531 6400.97 4528.84
0.532 6425.08 4542.41
0.533 6449.23 4555.98
0.534 6473.43 4569.56
0.535 6497.68 4583.14
0.536 6521.97 4596.73
0.537 6546.3 4610.33
0.538 6570.69 4623.93
0.539 6595.11 4637.53
0.54 6619.58 4651.14
0.541 6644.1 4664.76
0.542 6668.66 4678.38
0.543 6693.27 4692.01
0.544 6717.92 4705.64
0.545 6742.62 4719.28
0.546 6767.37 4732.92
0.547 6792.15 4746.56
0.548 6816.99 4760.21
0.549 6841.87 4773.87
0.55 6866.79 4787.53
0.551 6891.76 4801.19
0.552 6916.78 4814.86
0.553 6941.84 4828.53
0.554 6966.95 4842.2
0.555 6992.1 4855.88
0.556 7017.29 4869.57
0.557 7042.54 4883.26
0.558 7067.82 4896.95
0.559 7093.16 4910.65
0.56 7118.53 4924.34
0.561 7143.96 4938.05
0.562 7169.43 4951.75
0.563 7194.94 4965.47
0.564 7220.5 4979.18
0.565 7246.1 4992.9
0.566 7271.75 5006.62
0.567 7297.45 5020.34
0.568 7323.19 5034.07
0.569 7348.98 5047.8
0.57 7374.81 5061.53
0.571 7400.68 5075.26
0.572 7426.61 5089
0.573 7452.57 5102.74
0.574 7478.59 5116.49
0.575 7504.64 5130.23
0.576 7530.75 5143.98
0.577 7556.89 5157.74
0.578 7583.09 5171.49
0.579 7609.33 5185.25
0.58 7635.61 5199
0.581 7661.94 5212.76
0.582 7688.32 5226.53
0.583 7714.74 5240.29
0.584 7741.2 5254.06
0.585 7767.71 5267.83
0.586 7794.27 5281.6
0.587 7820.87 5295.37
0.588 7847.52 5309.14
0.589 7874.21 5322.92
0.59 7900.95 5336.69
0.591 7927.73 5350.47
0.592 7954.56 5364.25
0.593 7981.43 5378.03
0.594 8008.35 5391.81
0.595 8035.32 5405.6
0.596 8062.33 5419.38
0.597 8089.38 5433.17
0.598 8116.48 5446.95
0.599 8143.63 5460.74
0.6 8170.82 5474.53
0.601 8198.05 5488.31
0.602 8225.33 5502.1
0.603 8252.66 5515.89
0.604 8280.03 5529.68
0.605 8307.45 5543.47
0.606 8334.91 5557.26
0.607 8362.42 5571.05
0.608 8389.97 5584.84
0.609 8417.57 5598.63
0.61 8445.22 5612.42
0.611 8472.91 5626.21
0.612 8500.64 5640.01
0.613 8528.42 5653.8
0.614 8556.25 5667.59
0.615 8584.12 5681.38
0.616 8612.03 5695.16
0.617 8639.99 5708.95
0.618 8668 5722.74
0.619 8696.05 5736.53
0.62 8724.15 5750.32
0.621 8752.29 5764.1
0.622 8780.48 5777.89
0.623 8808.71 5791.67
0.624 8836.99 5805.45
0.625 8865.31 5819.24
0.626 8893.68 5833.02
0.627 8922.1 5846.8
0.628 8950.56 5860.57
0.629 8979.06 5874.35
0.63 9007.61 5888.13
0.631 9036.21 5901.9
0.632 9064.85 5915.67
0.633 9093.54 5929.44
0.634 9122.27 5943.21
0.635 9151.04 5956.98
0.636 9179.87 5970.74
0.637 9208.73 5984.5
0.638 9237.65 5998.26
0.639 9266.6 6012.02
0.64 9295.61 6025.78
0.641 9324.66 6039.53
0.642 9353.75 6053.29
0.643 9382.89 6067.03
0.644 9412.08 6080.78
0.645 9441.31 6094.52
0.646 9470.58 6108.27
0.647 9499.9 6122
0.648 9529.27 6135.74
0.649 9558.68 6149.47
0.65 9588.14 6163.2
0.651 9617.64 6176.93
0.652 9647.18 6190.65
0.653 9676.78 6204.37
0.654 9706.42 6218.09
0.655 9736.1 6231.81
0.656 9765.83 6245.52
0.657 9795.6 6259.22
0.658 9825.42 6272.93
0.659 9855.28 6286.63
0.66 9885.19 6300.32
0.661 9915.15 6314.01
0.662 9945.15 6327.7
0.663 9975.2 6341.39
0.664 10005.3 6355.07
0.665 10035.4 6368.74
0.666 10065.6 6382.42
0.667 10095.8 6396.08
0.668 10126.1 6409.75
0.669 10156.4 6423.41
0.67 10186.8 6437.06
0.671 10217.2 6450.71
0.672 10247.6 6464.36
0.673 10278.1 6478
0.674 10308.7 6491.63
0.675 10339.3 6505.27
0.676 10369.9 6518.89
0.677 10400.6 6532.51
0.678 10431.3 6546.13
0.679 10462.1 6559.74
0.68 10492.9 6573.35
0.681 10523.8 6586.95
0.682 10554.7 6600.54
0.683 10585.6 6614.13
0.684 10616.6 6627.72
0.685 10647.7 6641.3
0.686 10678.8 6654.87
0.687 10709.9 6668.44
0.688 10741.1 6682
0.689 10772.3 6695.56
0.69 10803.6 6709.11
0.691 10834.9 6722.65
0.692 10866.2 6736.19
0.693 10897.6 6749.72
0.694 10929.1 6763.25
0.695 10960.6 6776.76
0.696 10992.1 6790.28
0.697 11023.7 6803.78
0.698 11055.3 6817.28
0.699 11087 6830.78
0.7 11118.7 6844.26
0.701 11150.5 6857.74
0.702 11182.3 6871.22
0.703 11214.2 6884.68
0.704 11246.1 6898.14
0.705 11278 6911.59
0.706 11310 6925.04
0.707 11342.1 6938.47
0.708 11374.2 6951.9
0.709 11406.3 6965.33
0.71 11438.5 6978.74
0.711 11470.7 6992.15
0.712 11503 7005.55
0.713 11535.3 7018.94
0.714 11567.6 7032.33
0.715 11600 7045.71
0.716 11632.5 7059.07
0.717 11665 7072.44
0.718 11697.5 7085.79
0.719 11730.1 7099.13
0.72 11762.7 7112.47
0.721 11795.4 7125.8
0.722 11828.1 7139.12
0.723 11860.9 7152.43
0.724 11893.7 7165.74
0.725 11926.5 7179.03
0.726 11959.4 7192.32
0.727 11992.4 7205.59
0.728 12025.4 7218.86
0.729 12058.4 7232.12
0.73 12091.5 7245.37
0.731 12124.6 7258.62
0.732 12157.8 7271.85
0.733 12191 7285.07
0.734 12224.3 7298.29
0.735 12257.6 7311.49
0.736 12290.9 7324.69
0.737 12324.3 7337.88
0.738 12357.8 7351.05
0.739 12391.3 7364.22
0.74 12424.8 7377.38
0.741 12458.4 7390.53
0.742 12492 7403.66
0.743 12525.7 7416.79
0.744 12559.4 7429.91
0.745 12593.2 7443.02
0.746 12627 7456.12
0.747 12660.8 7469.21
0.748 12694.7 7482.28
0.749 12728.7 7495.35
0.75 12762.7 7508.41
0.751 12796.7 7521.45
0.752 12830.8 7534.49
0.753 12864.9 7547.52
0.754 12899.1 7560.53
0.755 12933.3 7573.53
0.756 12967.5 7586.53
0.757 13001.8 7599.51
0.758 13036.2 7612.48
0.759 13070.6 7625.44
0.76 13105 7638.39
0.761 13139.5 7651.33
0.762 13174.1 7664.25
0.763 13208.6 7677.17
0.764 13243.3 7690.07
0.765 13277.9 7702.96
0.766 13312.6 7715.84
0.767 13347.4 7728.71
0.768 13382.2 7741.57
0.769 13417 7754.41
0.77 13451.9 7767.25
0.771 13486.9 7780.07
0.772 13521.9 7792.88
0.773 13556.9 7805.67
0.774 13592 7818.46
0.775 13627.1 7831.23
0.776 13662.3 7843.99
0.777 13697.5 7856.74
0.778 13732.7 7869.48
0.779 13768 7882.2
0.78 13803.4 7894.91
0.781 13838.8 7907.61
0.782 13874.2 7920.29
0.783 13909.7 7932.96
0.784 13945.2 7945.62
0.785 13980.8 7958.27
0.786 14016.4 7970.9
0.787 14052.1 7983.52
0.788 14087.8 7996.13
0.789 14123.6 8008.72
0.79 14159.4 8021.3
0.791 14195.2 8033.86
0.792 14231.1 8046.42
0.793 14267 8058.96
0.794 14303 8071.48
0.795 14339 8083.99
0.796 14375.1 8096.49
0.797 14411.2 8108.97
0.798 14447.4 8121.44
0.799 14483.6 8133.9
0.8 14519.9 8146.34
0.801 14556.2 8158.77
0.802 14592.5 8171.18
0.803 14628.9 8183.58
0.804 14665.3 8195.97
0.805 14701.8 8208.34
0.806 14738.3 8220.69
0.807 14774.9 8233.03
0.808 14811.5 8245.36
0.809 14848.2 8257.67
0.81 14884.9 8269.97
0.811 14921.6 8282.25
0.812 14958.4 8294.51
0.813 14995.3 8306.76
0.814 15032.2 8319
0.815 15069.1 8331.22
0.816 15106.1 8343.43
0.817 15143.1 8355.62
0.818 15180.2 8367.79
0.819 15217.3 8379.95
0.82 15254.5 8392.09
0.821 15291.7 8404.22
0.822 15328.9 8416.33
0.823 15366.2 8428.43
0.824 15403.6 8440.51
0.825 15440.9 8452.57
0.826 15478.4 8464.62
0.827 15515.9 8476.65
0.828 15553.4 8488.67
0.829 15590.9 8500.67
0.83 15628.6 8512.65
0.831 15666.2 8524.62
0.832 15703.9 8536.57
0.833 15741.7 8548.5
0.834 15779.5 8560.42
0.835 15817.3 8572.32
0.836 15855.2 8584.21
0.837 15893.1 8596.07
0.838 15931.1 8607.92
0.839 15969.1 8619.75
0.84 16007.2 8631.57
0.841 16045.3 8643.37
0.842 16083.5 8655.15
0.843 16121.7 8666.91
0.844 16159.9 8678.66
0.845 16198.2 8690.39
0.846 16236.5 8702.1
0.847 16274.9 8713.79
0.848 16313.4 8725.47
0.849 16351.8 8737.13
0.85 16390.4 8748.77
0.851 16428.9 8760.39
0.852 16467.5 8772
0.853 16506.2 8783.58
0.854 16544.9 8795.15
0.855 16583.6 8806.7
0.856 16622.4 8818.23
0.857 16661.3 8829.75
0.858 16700.2 8841.24
0.859 16739.1 8852.72
0.86 16778.1 8864.17
0.861 16817.1 8875.61
0.862 16856.1 8887.03
0.863 16895.2 8898.44
0.864 16934.4 8909.82
0.865 16973.6 8921.18
0.866 17012.8 8932.53
0.867 17052.1 8943.85
0.868 17091.5 8955.16
0.869 17130.9 8966.45
0.87 17170.3 8977.71
0.871 17209.8 8988.96
0.872 17249.3 9000.19
0.873 17288.8 9011.4
0.874 17328.4 9022.59
0.875 17368.1 9033.76
0.876 17407.8 9044.91
0.877 17447.5 9056.04
0.878 17487.3 9067.15
0.879 17527.2 9078.24
0.88 17567 9089.31
0.881 17607 9100.36
0.882 17646.9 9111.39
0.883 17686.9 9122.4
0.884 17727 9133.39
0.885 17767.1 9144.36
0.886 17807.3 9155.31
0.887 17847.5 9166.24
0.888 17887.7 9177.15
0.889 17928 9188.03
0.89 17968.3 9198.9
0.891 18008.7 9209.74
0.892 18049.1 9220.57
0.893 18089.6 9231.37
0.894 18130.1 9242.15
0.895 18170.7 9252.91
0.896 18211.3 9263.65
0.897 18251.9 9274.37
0.898 18292.6 9285.06
0.899 18333.4 9295.74
0.9 18374.2 9306.39
0.901 18415 9317.02
0.902 18455.9 9327.63
0.903 18496.8 9338.22
0.904 18537.7 9348.79
0.905 18578.8 9359.33
0.906 18619.8 9369.85
0.907 18660.9 9380.35
0.908 18702.1 9390.83
0.909 18743.3 9401.29
0.91 18784.5 9411.72
0.911 18825.8 9422.13
0.912 18867.1 9432.52
0.913 18908.5 9442.89
0.914 18949.9 9453.23
0.915 18991.4 9463.55
0.916 19032.9 9473.85
0.917 19074.4 9484.13
0.918 19116.1 9494.38
0.919 19157.7 9504.61
0.92 19199.4 9514.81
0.921 19241.1 9525
0.922 19282.9 9535.16
0.923 19324.7 9545.29
0.924 19366.6 9555.41
0.925 19408.5 9565.5
0.926 19450.5 9575.56
0.927 19492.5 9585.61
0.928 19534.6 9595.63
0.929 19576.7 9605.62
0.93 19618.8 9615.59
0.931 19661 9625.54
0.932 19703.2 9635.46
0.933 19745.5 9645.36
0.934 19787.8 9655.24
0.935 19830.2 9665.09
0.936 19872.6 9674.92
0.937 19915.1 9684.72
0.938 19957.6 9694.5
0.939 20000.2 9704.26
0.94 20042.8 9713.99
0.941 20085.4 9723.69
0.942 20128.1 9733.37
0.943 20170.8 9743.03
0.944 20213.6 9752.66
0.945 20256.4 9762.26
0.946 20299.3 9771.84
0.947 20342.2 9781.4
0.948 20385.2 9790.93
0.949 20428.2 9800.44
0.95 20471.2 9809.92
0.951 20514.3 9819.37
0.952 20557.5 9828.8
0.953 20600.7 9838.2
0.954 20643.9 9847.58
0.955 20687.2 9856.93
0.956 20730.5 9866.26
0.957 20773.9 9875.56
0.958 20817.3 9884.84
0.959 20860.7 9894.09
0.96 20904.3 9903.31
0.961 20947.8 9912.51
0.962 20991.4 9921.68
0.963 21035 9930.82
0.964 21078.7 9939.94
0.965 21122.5 9949.03
0.966 21166.2 9958.1
0.967 21210.1 9967.14
0.968 21253.9 9976.15
0.969 21297.8 9985.14
0.97 21341.8 9994.1
0.971 21385.8 10003
0.972 21429.8 10011.9
0.973 21473.9 10020.8
0.974 21518.1 10029.7
0.975 21562.3 10038.5
0.976 21606.5 10047.3
0.977 21650.8 10056.1
0.978 21695.1 10064.8
0.979 21739.5 10073.5
0.98 21783.9 10082.2
0.981 21828.3 10090.9
0.982 21872.8 10099.5
0.983 21917.4 10108.1
0.984 21962 10116.7
0.985 22006.6 10125.2
0.986 22051.3 10133.7
0.987 22096 10142.2
0.988 22140.8 10150.7
0.989 22185.6 10159.1
0.99 22230.5 10167.5
0.991 22275.4 10175.9
0.992 22320.3 10184.3
0.993 22365.3 10192.6
0.994 22410.4 10200.9
0.995 22455.5 10209.1
0.996 22500.6 10217.4
0.997 22545.8 10225.6
0.998 22591 10233.8
0.999 22636.3 10241.9
1 22681.6 10250
1.001 22727 10258.1
1.002 22772.4 10266.2
1.003 22817.8 10274.2
1.004 22863.3 10282.2
1.005 22908.9 10290.2
1.006 22954.5 10298.2
1.007 23000.1 10306.1
1.008 23045.8 10314
1.009 23091.5 10321.8
1.01 23137.3 10329.6
1.011 23183.1 10337.4
1.012 23229 10345.2
1.013 23274.9 10352.9
1.014 23320.8 10360.7
1.015 23366.8 10368.3
1.016 23412.9 10376
1.017 23459 10383.6
1.018 23505.1 10391.2
1.019 23551.3 10398.7
1.02 23597.5 10406.3
1.021 23643.8 10413.8
1.022 23690.1 10421.2
1.023 23736.4 10428.7
1.024 23782.8 10436.1
1.025 23829.3 10443.4
1.026 23875.8 10450.8
1.027 23922.3 10458.1
1.028 23968.9 10465.4
1.029 24015.6 10472.6
1.03 24062.2 10479.8
1.031 24109 10487
1.032 24155.7 10494.2
1.033 24202.5 10501.3
1.034 24249.4 10508.4
1.035 24296.3 10515.4
1.036 24343.2 10522.5
1.037 24390.2 10529.5
1.038 24437.3 10536.4
1.039 24484.4 10543.4
1.04 24531.5 10550.3
1.041 24578.7 10557.1
1.042 24625.9 10564
1.043 24673.2 10570.8
1.044 24720.5 10577.5
1.045 24767.8 10584.3
1.046 24815.2 10591
1.047 24862.7 10597.7
1.048 24910.2 10604.3
1.049 24957.7 10610.9
1.05 25005.3 10617.5
1.051 25052.9 10624
1.052 25100.6 10630.5
1.053 25148.3 10637
1.054 25196.1 10643.5
1.055 25243.9 10649.9
1.056 25291.8 10656.2
1.057 25339.7 10662.6
1.058 25387.6 10668.9
1.059 25435.6 10675.2
1.06 25483.6 10681.4
1.061 25531.7 10687.6
1.062 25579.8 10693.8
1.063 25628 10700
1.064 25676.2 10706.1
1.065 25724.5 10712.1
1.066 25772.8 10718.2
1.067 25821.2 10724.2
1.068 25869.6 10730.2
1.069 25918 10736.1
1.07 25966.5 10742
1.071 26015 10747.9
1.072 26063.6 10753.7
1.073 26112.2 10759.5
1.074 26160.9 10765.3
1.075 26209.6 10771
1.076 26258.4 10776.7
1.077 26307.2 10782.4
1.078 26356 10788
1.079 26404.9 10793.6
1.08 26453.9 10799.2
1.081 26502.9 10804.7
1.082 26551.9 10810.2
1.083 26601 10815.7
1.084 26650.1 10821.1
1.085 26699.3 10826.5
1.086 26748.5 10831.8
1.087 26797.8 10837.1
1.088 26847.1 10842.4
1.089 26896.4 10847.6
1.09 26945.8 10852.8
1.091 26995.3 10858
1.092 27044.7 10863.1
1.093 27094.3 10868.2
1.094 27143.9 10873.3
1.095 27193.5 10878.3
1.096 27243.1 10883.3
1.097 27292.9 10888.3
1.098 27342.6 10893.2
1.099 27392.4 10898.1
1.1 27442.3 10902.9
1.101 27492.2 10907.7
1.102 27542.1 10912.5
1.103 27592.1 10917.2
1.104 27642.1 10921.9
1.105 27692.2 10926.6
1.106 27742.3 10931.2
1.107 27792.5 10935.8
1.108 27842.7 10940.4
1.109 27893 10944.9
1.11 27943.3 10949.4
1.111 27993.6 10953.8
1.112 28044 10958.2
1.113 28094.4 10962.6
1.114 28144.9 10966.9
1.115 28195.5 10971.2
1.116 28246 10975.4
1.117 28296.6 10979.7
1.118 28347.3 10983.8
1.119 28398 10988
1.12 28448.8 10992.1
1.121 28499.6 10996.1
1.122 28550.4 11000.2
1.123 28601.3 11004.1
1.124 28652.3 11008.1
1.125 28703.2 11012
1.126 28754.3 11015.9
1.127 28805.3 11019.7
1.128 28856.5 11023.5
1.129 28907.6 11027.3
1.13 28958.8 11031
1.131 29010.1 11034.7
1.132 29061.4 11038.3
1.133 29112.7 11041.9
1.134 29164.1 11045.5
1.135 29215.6 11049
1.136 29267 11052.5
1.137 29318.6 11055.9
1.138 29370.1 11059.3
1.139 29421.8 11062.7
1.14 29473.4 11066
1.141 29525.1 11069.3
1.142 29576.9 11072.5
1.143 29628.7 11075.7
1.144 29680.5 11078.9
1.145 29732.4 11082
1.146 29784.3 11085.1
1.147 29836.3 11088.2
1.148 29888.4 11091.2
1.149 29940.4 11094.2
1.15 29992.5 11097.1
1.151 30044.7 11100
1.152 30096.9 11102.8
1.153 30149.2 11105.6
1.154 30201.5 11108.4
1.155 30253.8 11111.1
1.156 30306.2 11113.8
1.157 30358.6 11116.5
1.158 30411.1 11119.1
1.159 30463.6 11121.6
1.16 30516.2 11124.2
1.161 30568.8 11126.6
1.162 30621.5 11129.1
1.163 30674.2 11131.5
1.164 30726.9 11133.8
1.165 30779.7 11136.1
1.166 30832.6 11138.4
1.167 30885.4 11140.7
1.168 30938.4 11142.9
1.169 30991.3 11145
1.17 31044.4 11147.1
1.171 31097.4 11149.2
1.172 31150.5 11151.2
1.173 31203.7 11153.2
1.174 31256.9 11155.1
1.175 31310.2 11157
1.176 31363.4 11158.9
1.177 31416.8 11160.7
1.178 31470.2 11162.5
1.179 31523.6 11164.2
1.18 31577.1 11165.9
1.181 31630.6 11167.6
1.182 31684.2 11169.2
1.183 31737.8 11170.7
1.184 31791.4 11172.2
1.185 31845.1 11173.7
1.186 31898.9 11175.1
1.187 31952.7 11176.5
1.188 32006.5 11177.9
1.189 32060.4 11179.2
1.19 32114.3 11180.4
1.191 32168.3 11181.7
1.192 32222.3 11182.8
1.193 32276.4 11184
1.194 32330.5 11185.1
1.195 32384.6 11186.1
1.196 32438.8 11187.1
1.197 32493.1 11188.1
1.198 32547.4 11189
1.199 32601.7 11189.8
1.2 32656.1 11190.7
1.201 32710.5 11191.5
1.202 32765 11192.2
1.203 32819.5 11192.9
1.204 32874.1 11193.5
1.205 32928.7 11194.1
1.206 32983.3 11194.7
1.207 33038 11195.2
1.208 33092.8 11195.7
1.209 33147.6 11196.1
1.21 33202.4 11196.5
1.211 33257.3 11196.8
1.212 33312.2 11197.1
1.213 33367.2 11197.4
1.214 33422.2 11197.6
1.215 33477.3 11197.7
1.216 33532.4 11197.9
1.217 33587.5 11197.9
1.218 33642.7 11197.9
1.219 33698 11197.9
1.22 33753.2 11197.9
1.221 33808.6 11197.7
1.222 33864 11197.6
1.223 33919.4 11197.4
1.224 33974.9 11197.1
1.225 34030.4 11196.8
1.226 34085.9 11196.5
1.227 34141.5 11196.1
1.228 34197.2 11195.7
1.229 34252.9 11195.2
1.23 34308.6 11194.7
1.231 34364.4 11194.1
1.232 34420.2 11193.5
1.233 34476.1 11192.8
1.234 34532 11192.1
1.235 34588 11191.4
1.236 34644 11190.6
1.237 34700.1 11189.7
1.238 34756.2 11188.8
1.239 34812.3 11187.9
1.24 34868.5 11186.9
1.241 34924.8 11185.8
1.242 34981 11184.8
1.243 35037.4 11183.6
1.244 35093.8 11182.4
1.245 35150.2 11181.2
1.246 35206.6 11179.9
1.247 35263.1 11178.6
1.248 35319.7 11177.3
1.249 35376.3 11175.8
1.25 35433 11174.4
1.251 35489.6 11172.9
1.252 35546.4 11171.3
1.253 35603.2 11169.7
1.254 35660 11168
1.255 35716.9 11166.3
1.256 35773.8 11164.6
1.257 35830.8 11162.8
1.258 35887.8 11161
1.259 35944.8 11159.1
1.26 36001.9 11157.1
1.261 36059.1 11155.1
1.262 36116.3 11153.1
1.263 36173.5 11151
1.264 36230.8 11148.9
1.265 36288.1 11146.7
1.266 36345.5 11144.4
1.267 36402.9 11142.2
1.268 36460.4 11139.8
1.269 36517.9 11137.4
1.27 36575.4 11135
1.271 36633 11132.5
1.272 36690.7 11130
1.273 36748.4 11127.4
1.274 36806.1 11124.8
1.275 36863.9 11122.1
1.276 36921.7 11119.4
1.277 36979.6 11116.6
1.278 37037.5 11113.8
1.279 37095.4 11110.9
1.28 37153.5 11108
1.281 37211.5 11105
1.282 37269.6 11102
1.283 37327.7 11098.9
1.284 37385.9 11095.8
1.285 37444.2 11092.6
1.286 37502.4 11089.4
1.287 37560.8 11086.1
1.288 37619.1 11082.8
1.289 37677.6 11079.4
1.29 37736 11076
1.291 37794.5 11072.5
1.292 37853.1 11069
1.293 37911.7 11065.4
1.294 37970.3 11061.8
1.295 38029 11058.1
1.296 38087.7 11054.4
1.297 38146.5 11050.6
1.298 38205.3 11046.7
1.299 38264.2 11042.8
1.3 38323.1 11038.9
1.301 38382.1 11034.9
1.302 38441.1 11030.9
1.303 38500.1 11026.8
1.304 38559.2 11022.6
1.305 38618.4 11018.4
1.306 38677.5 11014.2
1.307 38736.8 11009.9
1.308 38796 11005.6
1.309 38855.4 11001.2
1.31 38914.7 10996.7
1.311 38974.1 10992.2
1.312 39033.6 10987.6
1.313 39093.1 10983
1.314 39152.7 10978.4
1.315 39212.2 10973.6
1.316 39271.9 10968.9
1.317 39331.6 10964
1.318 39391.3 10959.2
1.319 39451.1 10954.2
1.32 39510.9 10949.3
1.321 39570.8 10944.2
1.322 39630.7 10939.2
1.323 39690.6 10934
1.324 39750.6 10928.8
1.325 39810.7 10923.6
1.326 39870.8 10918.3
1.327 39930.9 10912.9
1.328 39991.1 10907.5
1.329 40051.3 10902.1
1.33 40111.6 10896.6
1.331 40171.9 10891
1.332 40232.3 10885.4
1.333 40292.7 10879.7
1.334 40353.1 10874
1.335 40413.6 10868.2
1.336 40474.2 10862.4
1.337 40534.8 10856.5
1.338 40595.4 10850.5
1.339 40656.1 10844.5
1.34 40716.8 10838.5
1.341 40777.6 10832.4
1.342 40838.4 10826.2
1.343 40899.3 10820
1.344 40960.2 10813.7
1.345 41021.1 10807.4
1.346 41082.1 10801
1.347 41143.2 10794.6
1.348 41204.2 10788.1
1.349 41265.4 10781.6
1.35 41326.6 10775
1.351 41387.8 10768.3
1.352 41449 10761.6
1.353 41510.4 10754.8
1.354 41571.7 10748
1.355 41633.1 10741.2
1.356 41694.6 10734.2
1.357 41756.1 10727.2
1.358 41817.6 10720.2
1.359 41879.2 10713.1
1.36 41940.8 10705.9
1.361 42002.5 10698.7
1.362 42064.2 10691.5
1.363 42126 10684.2
1.364 42187.8 10676.8
1.365 42249.7 10669.3
1.366 42311.6 10661.9
1.367 42373.5 10654.3
1.368 42435.5 10646.7
1.369 42497.6 10639.1
1.37 42559.7 10631.3
1.371 42621.8 10623.6
1.372 42684 10615.7
1.373 42746.2 10607.9
1.374 42808.4 10599.9
1.375 42870.8 10591.9
1.376 42933.1 10583.9
1.377 42995.5 10575.8
1.378 43058 10567.6
1.379 43120.5 10559.4
1.38 43183 10551.1
1.381 43245.6 10542.7
1.382 43308.2 10534.3
1.383 43370.9 10525.9
1.384 43433.6 10517.4
1.385 43496.4 10508.8
1.386 43559.2 10500.2
1.387 43622 10491.5
1.388 43684.9 10482.7
1.389 43747.9 10473.9
1.39 43810.9 10465.1
1.391 43873.9 10456.2
1.392 43937 10447.2
1.393 44000.1 10438.1
1.394 44063.3 10429.1
1.395 44126.5 10419.9
1.396 44189.8 10410.7
1.397 44253.1 10401.4
1.398 44316.4 10392.1
1.399 44379.8 10382.7
1.4 44443.3 10373.3
1.401 44506.8 10363.8
1.402 44570.3 10354.2
1.403 44633.9 10344.6
1.404 44697.5 10334.9
1.405 44761.2 10325.2
1.406 44824.9 10315.4
1.407 44888.7 10305.5
1.408 44952.5 10295.6
1.409 45016.3 10285.6
1.41 45080.2 10275.6
1.411 45144.2 10265.5
1.412 45208.2 10255.3
1.413 45272.2 10245.1
1.414 45336.3 10234.8
1.415 45400.4 10224.5
1.416 45464.6 10214.1
1.417 45528.8 10203.7
1.418 45593.1 10193.1
1.419 45657.4 10182.6
1.42 45721.7 10171.9
1.421 45786.1 10161.2
1.422 45850.6 10150.5
1.423 45915 10139.7
1.424 45979.6 10128.8
1.425 46044.2 10117.8
1.426 46108.8 10106.8
1.427 46173.4 10095.8
1.428 46238.2 10084.7
1.429 46302.9 10073.5
1.43 46367.7 10062.2
1.431 46432.6 10050.9
1.432 46497.5 10039.6
1.433 46562.4 10028.2
1.434 46627.4 10016.7
1.435 46692.4 10005.1
1.436 46757.5 9993.52
1.437 46822.6 9981.84
1.438 46887.8 9970.11
1.439 46953 9958.32
1.44 47018.3 9946.46
1.441 47083.6 9934.55
1.442 47148.9 9922.57
1.443 47214.3 9910.53
1.444 47279.7 9898.42
1.445 47345.2 9886.26
1.446 47410.8 9874.03
1.447 47476.3 9861.74
1.448 47542 9849.39
1.449 47607.6 9836.98
1.45 47673.3 9824.5
1.451 47739.1 9811.96
1.452 47804.9 9799.36
1.453 47870.7 9786.69
1.454 47936.6 9773.97
1.455 48002.6 9761.18
1.456 48068.5 9748.32
1.457 48134.6 9735.41
1.458 48200.7 9722.43
1.459 48266.8 9709.39
1.46 48332.9 9696.28
1.461 48399.1 9683.11
1.462 48465.4 9669.88
1.463 48531.7 9656.58
1.464 48598 9643.23
1.465 48664.4 9629.8
1.466 48730.9 9616.32
1.467 48797.4 9602.77
1.468 48863.9 9589.15
1.469 48930.5 9575.48
1.47 48997.1 9561.73
1.471 49063.7 9547.93
1.472 49130.4 9534.06
1.473 49197.2 9520.12
1.474 49264 9506.13
1.475 49330.8 9492.06
1.476 49397.7 9477.94
1.477 49464.7 9463.74
1.478 49531.6 9449.49
1.479 49598.7 9435.17
1.48 49665.7 9420.78
1.481 49732.8 9406.33
1.482 49800 9391.82
1.483 49867.2 9377.24
1.484 49934.5 9362.59
1.485 50001.8 9347.88
1.486 50069.1 9333.11
1.487 50136.5 9318.27
1.488 50203.9 9303.36
1.489 50271.4 9288.39
1.49 50338.9 9273.35
1.491 50406.5 9258.25
1.492 50474.1 9243.09
1.493 50541.8 9227.85
1.494 50609.5 9212.55
1.495 50677.2 9197.19
1.496 50745 9181.76
1.497 50812.9 9166.26
1.498 50880.8 9150.7
1.499 50948.7 9135.07
1.5 51016.7 9119.38
1.501 51084.7 9103.61
1.502 51152.8 9087.79
1.503 51220.9 9071.89
1.504 51289 9055.93
1.505 51357.2 9039.9
1.506 51425.5 9023.81
1.507 51493.8 9007.65
1.508 51562.1 8991.42
1.509 51630.5 8975.13
1.51 51698.9 8958.77
1.511 51767.4 8942.34
1.512 51835.9 8925.85
1.513 51904.5 8909.28
1.514 51973.1 8892.65
1.515 52041.8 8875.96
1.516 52110.5 8859.19
1.517 52179.2 8842.36
1.518 52248 8825.46
1.519 52316.8 8808.5
1.52 52385.7 8791.46
1.521 52454.6 8774.36
1.522 52523.6 8757.19
1.523 52592.6 8739.95
1.524 52661.7 8722.65
1.525 52730.8 8705.27
1.526 52800 8687.83
1.527 52869.2 8670.32
1.528 52938.4 8652.74
1.529 53007.7 8635.1
1.53 53077 8617.38
1.531 53146.4 8599.6
1.532 53215.9 8581.75
1.533 53285.3 8563.82
1.534 53354.8 8545.83
1.535 53424.4 8527.78
1.536 53494 8509.65
1.537 53563.7 8491.45
1.538 53633.4 8473.19
1.539 53703.1 8454.85
1.54 53772.9 8436.45
1.541 53842.7 8417.98
1.542 53912.6 8399.44
1.543 53982.5 8380.82
1.544 54052.5 8362.14
1.545 54122.5 8343.39
1.546 54192.6 8324.57
1.547 54262.7 8305.68
1.548 54332.8 8286.72
1.549 54403 8267.69
1.55 54473.3 8248.6
1.551 54543.6 8229.43
1.552 54613.9 8210.19
1.553 54684.3 8190.88
1.554 54754.7 8171.5
1.555 54825.2 8152.05
1.556 54895.7 8132.53
1.557 54966.3 8112.94
1.558 55036.9 8093.28
1.559 55107.5 8073.55
1.56 55178.2 8053.74
1.561 55248.9 8033.87
1.562 55319.7 8013.93
1.563 55390.6 7993.91
1.564 55461.4 7973.83
1.565 55532.4 7953.67
1.566 55603.3 7933.44
1.567 55674.3 7913.14
1.568 55745.4 7892.77
1.569 55816.5 7872.33
1.57 55887.7 7851.82
1.571 55958.9 7831.23
1.572 56030.1 7810.58
1.573 56101.4 7789.85
1.574 56172.7 7769.05
1.575 56244.1 7748.18
1.576 56315.5 7727.24
1.577 56387 7706.22
1.578 56458.5 7685.14
1.579 56530 7663.98
1.58 56601.6 7642.75
1.581 56673.3 7621.44
1.582 56745 7600.07
1.583 56816.7 7578.62
1.584 56888.5 7557.1
1.585 56960.3 7535.51
1.586 57032.2 7513.84
1.587 57104.1 7492.1
1.588 57176.1 7470.29
1.589 57248.1 7448.41
1.59 57320.2 7426.45
1.591 57392.3 7404.42
1.592 57464.4 7382.32
1.593 57536.6 7360.15
1.594 57608.8 7337.9
1.595 57681.1 7315.58
1.596 57753.4 7293.18
1.597 57825.8 7270.71
1.598 57898.2 7248.17
1.599 57970.7 7225.55
1.6 58043.2 7202.87
1.601 58115.8 7180.1
1.602 58188.4 7157.27
1.603 58261 7134.36
1.604 58333.7 7111.37
1.605 58406.4 7088.31
1.606 58479.2 7065.18
1.607 58552 7041.97
1.608 58624.9 7018.69
1.609 58697.8 6995.34
1.61 58770.8 6971.91
1.611 58843.8 6948.4
1.612 58916.8 6924.82
1.613 58989.9 6901.17
1.614 59063.1 6877.44
1.615 59136.3 6853.64
1.616 59209.5 6829.76
1.617 59282.8 6805.81
1.618 59356.1 6781.78
1.619 59429.5 6757.68
1.62 59502.9 6733.51
1.621 59576.4 6709.25
1.622 59649.9 6684.92
1.623 59723.4 6660.52
1.624 59797 6636.04
1.625 59870.7 6611.49
1.626 59944.3 6586.86
1.627 60018.1 6562.15
1.628 60091.9 6537.37
1.629 60165.7 6512.52
1.63 60239.5 6487.58
1.631 60313.5 6462.58
1.632 60387.4 6437.49
1.633 60461.4 6412.33
1.634 60535.5 6387.09
1.635 60609.6 6361.78
1.636 60683.7 6336.39
1.637 60757.9 6310.93
1.638 60832.1 6285.38
1.639 60906.4 6259.77
1.64 60980.7 6234.07
1.641 61055.1 6208.3
1.642 61129.5 6182.45
1.643 61204 6156.52
1.644 61278.5 6130.52
1.645 61353 6104.44
1.646 61427.6 6078.29
1.647 61502.2 6052.05
1.648 61576.9 6025.74
1.649 61651.6 5999.35
1.65 61726.4 5972.89
1.651 61801.2 5946.35
1.652 61876.1 5919.73
1.653 61951 5893.03
1.654 62026 5866.25
1.655 62101 5839.4
1.656 62176 5812.47
1.657 62251.1 5785.46
1.658 62326.3 5758.37
1.659 62401.4 5731.21
1.66 62476.7 5703.97
1.661 62551.9 5676.64
1.662 62627.3 5649.25
1.663 62702.6 5621.77
1.664 62778 5594.21
1.665 62853.5 5566.58
1.666 62929 5538.86
1.667 63004.5 5511.07
1.668 63080.1 5483.2
1.669 63155.8 5455.25
1.67 63231.4 5427.23
1.671 63307.2 5399.12
1.672 63382.9 5370.93
1.673 63458.7 5342.67
1.674 63534.6 5314.33
1.675 63610.5 5285.9
1.676 63686.5 5257.4
1.677 63762.5 5228.82
1.678 63838.5 5200.16
1.679 63914.6 5171.42
1.68 63990.7 5142.6
1.681 64066.9 5113.7
1.682 64143.1 5084.72
1.683 64219.4 5055.66
1.684 64295.7 5026.52
1.685 64372.1 4997.3
1.686 64448.5 4968
1.687 64524.9 4938.62
1.688 64601.4 4909.16
1.689 64678 4879.62
1.69 64754.6 4850
1.691 64831.2 4820.3
1.692 64907.9 4790.52
1.693 64984.6 4760.66
1.694 65061.4 4730.72
1.695 65138.2 4700.69
1.696 65215 4670.59
1.697 65291.9 4640.41
1.698 65368.9 4610.14
1.699 65445.9 4579.8
1.7 65522.9 4549.37
1.701 65600 4518.86
1.702 65677.2 4488.27
1.703 65754.3 4457.6
1.704 65831.5 4426.85
1.705 65908.8 4396.01
1.706 65986.1 4365.1
1.707 66063.5 4334.1
1.708 66140.9 4303.02
1.709 66218.3 4271.86
1.71 66295.8 4240.62
1.711 66373.4 4209.3
1.712 66451 4177.89
1.713 66528.6 4146.4
1.714 66606.3 4114.83
1.715 66684 4083.18
1.716 66761.7 4051.45
1.717 66839.6 4019.63
1.718 66917.4 3987.73
1.719 66995.3 3955.75
1.72 67073.3 3923.69
1.721 67151.3 3891.54
1.722 67229.3 3859.31
1.723 67307.4 3827
1.724 67385.5 3794.6
1.725 67463.7 3762.12
1.726 67541.9 3729.56
1.727 67620.2 3696.92
1.728 67698.5 3664.19
1.729 67776.8 3631.38
1.73 67855.2 3598.49
1.731 67933.7 3565.51
1.732 68012.2 3532.45
1.733 68090.7 3499.31
1.734 68169.3 3466.08
1.735 68247.9 3432.77
1.736 68326.6 3399.37
1.737 68405.3 3365.89
1.738 68484.1 3332.33
1.739 68562.9 3298.68
1.74 68641.7 3264.95
1.741 68720.6 3231.14
1.742 68799.6 3197.24
1.743 68878.5 3163.26
1.744 68957.6 3129.19
1.745 69036.7 3095.04
1.746 69115.8 3060.8
1.747 69195 3026.48
1.748 69274.2 2992.07
1.749 69353.4 2957.58
1.75 69432.7 2923.01
1.751 69512.1 2888.35
1.752 69591.5 2853.6
1.753 69670.9 2818.77
1.754 69750.4 2783.86
1.755 69830 2748.86
1.756 69909.5 2713.77
1.757 69989.2 2678.6
1.758 70068.8 2643.35
1.759 70148.5 2608
1.76 70228.3 2572.58
1.761 70308.1 2537.06
1.762 70388 2501.47
1.763 70467.8 2465.78
1.764 70547.8 2430.01
1.765 70627.8 2394.16
1.766 70707.8 2358.21
1.767 70787.9 2322.19
1.768 70868 2286.07
1.769 70948.2 2249.87
1.77 71028.4 2213.59
1.771 71108.6 2177.21
1.772 71188.9 2140.75
1.773 71269.3 2104.21
1.774 71349.7 2067.58
1.775 71430.1 2030.86
1.776 71510.6 1994.05
1.777 71591.1 1957.16
1.778 71671.7 1920.18
1.779 71752.3 1883.11
1.78 71833 1845.96
1.781 71913.7 1808.72
1.782 71994.5 1771.39
1.783 72075.3 1733.98
1.784 72156.1 1696.48
1.785 72237 1658.89
1.786 72318 1621.21
1.787 72398.9 1583.45
1.788 72480 1545.59
1.789 72561 1507.66
1.79 72642.2 1469.63
1.791 72723.3 1431.51
1.792 72804.5 1393.31
1.793 72885.8 1355.02
1.794 72967.1 1316.64
1.795 73048.4 1278.17
1.796 73129.8 1239.62
1.797 73211.3 1200.97
1.798 73292.7 1162.24
1.799 73374.3 1123.42
1.8 73455.8 1084.51
1.801 73537.5 1045.51
1.802 73619.1 1006.43
1.803 73700.8 967.253
1.804 73782.6 927.989
1.805 73864.4 888.637
1.806 73946.2 849.195
1.807 74028.1 809.665
1.808 74110 770.045
1.809 74192 730.336
1.81 74274.1 690.538
1.811 74356.1 650.651
1.812 74438.2 610.674
1.813 74520.4 570.608
1.814 74602.6 530.452
1.815 74684.9 490.206
1.816 74767.2 449.871
1.817 74849.5 409.447
1.818 74931.9 368.932
1.819 75014.3 328.327
1.82 75096.8 287.633
1.821 75179.3 246.848
1.822 75261.9 205.973
1.823 75344.5 165.008
1.824 75427.2 123.953
1.825 75509.9 82.8075
1.826 75592.6 41.5715
1.827 75675.4 0.244899
1.828 75758.3 -41.1722
