0 0 0
0.001 0.0433013 0.0249752
0.002 0.129904 0.0931525
0.003 0.259808 0.204458
0.004 0.433013 0.358816
0.005 0.649519 0.556153
0.006 0.909327 0.796396
0.007 1.21244 1.07947
0.008 1.55885 1.4053
0.009 1.94856 1.77381
0.01 2.38157 2.18492
0.011 2.85788 2.63857
0.012 3.3775 3.13468
0.013 3.94042 3.67317
0.014 4.54663 4.25397
0.015 5.19615 4.87701
0.016 5.88897 5.54221
0.017 6.62509 6.24949
0.018 7.40452 6.99879
0.019 8.22724 7.79003
0.02 9.09327 8.62312
0.021 10.0026 9.49801
0.022 10.9552 10.4146
0.023 11.9511 11.3729
0.024 12.9904 12.3727
0.025 14.0729 13.414
0.026 15.1987 14.4967
0.027 16.3679 15.6207
0.028 17.5803 16.7861
0.029 18.836 17.9926
0.03 20.1351 19.2402
0.031 21.4774 20.5289
0.032 22.8631 21.8586
0.033 24.292 23.2291
0.034 25.7642 24.6405
0.035 27.2798 26.0926
0.036 28.8386 27.5854
0.037 30.4408 29.1188
0.038 32.0862 30.6927
0.039 33.7749 32.3071
0.04 35.507 33.9619
0.041 37.2823 35.6569
0.042 39.101 37.3922
0.043 40.9629 39.1676
0.044 42.8682 40.9831
0.045 44.8167 42.8386
0.046 46.8086 44.7341
0.047 48.8437 46.6694
0.048 50.9222 48.6445
0.049 53.0439 50.6592
0.05 55.209 52.7137
0.051 57.4173 54.8076
0.052 59.669 56.9411
0.053 61.964 59.114
0.054 64.3022 61.3262
0.055 66.6838 63.5777
0.056 69.1087 65.8683
0.057 71.5769 68.1981
0.058 74.0884 70.5669
0.059 76.6431 72.9747
0.06 79.2412 75.4214
0.061 81.8826 77.9069
0.062 84.5674 80.4312
0.063 87.2954 82.9941
0.064 90.0667 85.5956
0.065 92.8813 88.2356
0.066 95.7393 90.9141
0.067 98.6405 93.631
0.068 101.585 96.3861
0.069 104.573 99.1795
0.07 107.604 102.011
0.071 110.679 104.881
0.072 113.796 107.788
0.073 116.957 110.734
0.074 120.162 113.717
0.075 123.41 116.738
0.076 126.701 119.797
0.077 130.035 122.894
0.078 133.413 126.028
0.079 136.834 129.199
0.08 140.298 132.408
0.081 143.805 135.655
0.082 147.356 138.938
0.083 150.95 142.259
0.084 154.588 145.617
0.085 158.269 149.012
0.086 161.993 152.444
0.087 165.76 155.912
0.088 169.571 159.418
0.089 173.425 162.96
0.09 177.322 166.539
0.091 181.263 170.155
0.092 185.247 173.807
0.093 189.274 177.495
0.094 193.345 181.22
0.095 197.458 184.981
0.096 201.616 188.778
0.097 205.816 192.612
0.098 210.06 196.482
0.099 214.347 200.387
0.1 218.677 204.329
0.101 223.051 208.306
0.102 227.468 212.319
0.103 231.928 216.368
0.104 236.432 220.452
0.105 240.979 224.572
0.106 245.569 228.727
0.107 250.202 232.918
0.108 254.879 237.144
0.109 259.599 241.406
0.11 264.363 245.702
0.111 269.17 250.034
0.112 274.02 254.401
0.113 278.913 258.802
0.114 283.85 263.239
0.115 288.83 267.71
0.116 293.853 272.216
0.117 298.919 276.757
0.118 304.029 281.332
0.119 309.182 285.942
0.12 314.379 290.586
0.121 319.619 295.265
0.122 324.902 299.977
0.123 330.228 304.724
0.124 335.598 309.506
0.125 341.011 314.321
0.126 346.467 319.17
0.127 351.967 324.053
0.128 357.51 328.97
0.129 363.096 333.921
0.13 368.725 338.905
0.131 374.398 343.923
0.132 380.114 348.975
0.133 385.874 354.06
0.134 391.676 359.178
0.135 397.522 364.33
0.136 403.412 369.515
0.137 409.344 374.733
0.138 415.32 379.984
0.139 421.34 385.268
0.14 427.402 390.586
0.141 433.508 395.936
0.142 439.657 401.318
0.143 445.85 406.734
0.144 452.085 412.182
0.145 458.364 417.663
0.146 464.687 423.176
0.147 471.053 428.722
0.148 477.461 434.3
0.149 483.914 439.91
0.15 490.409 445.553
0.151 496.948 451.227
0.152 503.53 456.934
0.153 510.156 462.673
0.154 516.825 468.443
0.155 523.537 474.246
0.156 530.292 480.08
0.157 537.091 485.945
0.158 543.933 491.843
0.159 550.818 497.772
0.16 557.747 503.732
0.161 564.719 509.724
0.162 571.734 515.747
0.163 578.793 521.801
0.164 585.895 527.887
0.165 593.04 534.003
0.166 600.228 540.151
0.167 607.46 546.329
0.168 614.735 552.539
0.169 622.053 558.779
0.17 629.415 565.05
0.171 636.82 571.351
0.172 644.268 577.683
0.173 651.76 584.046
0.174 659.295 590.439
0.175 666.873 596.862
0.176 674.495 603.315
0.177 682.159 609.799
0.178 689.867 616.313
0.179 697.619 622.857
0.18 705.414 629.431
0.181 713.252 636.034
0.182 721.133 642.668
0.183 729.058 649.331
0.184 737.026 656.024
0.185 745.037 662.747
0.186 753.091 669.499
0.187 761.189 676.281
0.188 769.33 683.091
0.189 777.515 689.932
0.19 785.742 696.801
0.191 794.014 703.7
0.192 802.328 710.627
0.193 810.686 717.584
0.194 819.087 724.57
0.195 827.531 731.584
0.196 836.018 738.627
0.197 844.549 745.699
0.198 853.123 752.8
0.199 861.741 759.929
0.2 870.402 767.086
0.201 879.106 774.272
0.202 887.853 781.487
0.203 896.644 788.729
0.204 905.478 796
0.205 914.355 803.299
0.206 923.276 810.626
0.207 932.24 817.981
0.208 941.247 825.363
0.209 950.298 832.774
0.21 959.391 840.212
0.211 968.529 847.678
0.212 977.709 855.172
0.213 986.933 862.693
0.214 996.2 870.241
0.215 1005.51 877.817
0.216 1014.86 885.42
0.217 1024.26 893.05
0.218 1033.7 900.708
0.219 1043.18 908.393
0.22 1052.71 916.104
0.221 1062.28 923.843
0.222 1071.9 931.608
0.223 1081.55 939.4
0.224 1091.25 947.219
0.225 1101 955.064
0.226 1110.78 962.936
0.227 1120.61 970.834
0.228 1130.49 978.759
0.229 1140.4 986.71
0.23 1150.36 994.688
0.231 1160.37 1002.69
0.232 1170.41 1010.72
0.233 1180.5 1018.78
0.234 1190.63 1026.86
0.235 1200.81 1034.97
0.236 1211.03 1043.1
0.237 1221.29 1051.26
0.238 1231.6 1059.44
0.239 1241.95 1067.65
0.24 1252.34 1075.89
0.241 1262.78 1084.15
0.242 1273.26 1092.44
0.243 1283.78 1100.75
0.244 1294.35 1109.09
0.245 1304.96 1117.45
0.246 1315.61 1125.84
0.247 1326.31 1134.25
0.248 1337.05 1142.68
0.249 1347.83 1151.15
0.25 1358.65 1159.63
0.251 1369.52 1168.14
0.252 1380.44 1176.68
0.253 1391.39 1185.24
0.254 1402.39 1193.83
0.255 1413.43 1202.44
0.256 1424.52 1211.07
0.257 1435.65 1219.73
0.258 1446.82 1228.41
0.259 1458.04 1237.12
0.26 1469.3 1245.85
0.261 1480.6 1254.6
0.262 1491.94 1263.38
0.263 1503.33 1272.18
0.264 1514.76 1281.01
0.265 1526.24 1289.85
0.266 1537.76 1298.73
0.267 1549.32 1307.62
0.268 1560.93 1316.54
0.269 1572.58 1325.49
0.27 1584.27 1334.45
0.271 1596 1343.44
0.272 1607.78 1352.46
0.273 1619.6 1361.49
0.274 1631.47 1370.55
0.275 1643.38 1379.63
0.276 1655.33 1388.74
0.277 1667.32 1397.86
0.278 1679.36 1407.01
0.279 1691.45 1416.19
0.28 1703.57 1425.38
0.281 1715.74 1434.6
0.282 1727.95 1443.84
0.283 1740.21 1453.1
0.284 1752.5 1462.38
0.285 1764.85 1471.69
0.286 1777.23 1481.02
0.287 1789.66 1490.37
0.288 1802.13 1499.74
0.289 1814.65 1509.14
0.29 1827.2 1518.55
0.291 1839.8 1527.99
0.292 1852.45 1537.45
0.293 1865.14 1546.93
0.294 1877.87 1556.43
0.295 1890.64 1565.96
0.296 1903.46 1575.5
0.297 1916.32 1585.07
0.298 1929.23 1594.66
0.299 1942.18 1604.27
0.3 1955.17 1613.9
0.301 1968.2 1623.55
0.302 1981.28 1633.22
0.303 1994.4 1642.91
0.304 2007.56 1652.63
0.305 2020.77 1662.36
0.306 2034.02 1672.11
0.307 2047.32 1681.89
0.308 2060.65 1691.68
0.309 2074.04 1701.5
0.31 2087.46 1711.34
0.311 2100.93 1721.19
0.312 2114.44 1731.07
0.313 2127.99 1740.97
0.314 2141.59 1750.88
0.315 2155.23 1760.82
0.316 2168.91 1770.78
0.317 2182.64 1780.75
0.318 2196.41 1790.75
0.319 2210.23 1800.77
0.32 2224.08 1810.8
0.321 2237.98 1820.85
0.322 2251.93 1830.93
0.323 2265.92 1841.02
0.324 2279.95 1851.14
0.325 2294.02 1861.27
0.326 2308.14 1871.42
0.327 2322.3 1881.59
0.328 2336.5 1891.78
0.329 2350.75 1901.98
0.33 2365.04 1912.21
0.331 2379.37 1922.46
0.332 2393.75 1932.72
0.333 2408.17 1943
0.334 2422.63 1953.3
0.335 2437.14 1963.62
0.336 2451.69 1973.96
0.337 2466.28 1984.32
0.338 2480.92 1994.69
0.339 2495.6 2005.09
0.34 2510.32 2015.5
0.341 2525.09 2025.92
0.342 2539.9 2036.37
0.343 2554.75 2046.84
0.344 2569.65 2057.32
0.345 2584.59 2067.82
0.346 2599.57 2078.34
0.347 2614.6 2088.87
0.348 2629.67 2099.42
0.349 2644.78 2109.99
0.35 2659.94 2120.58
0.351 2675.14 2131.18
0.352 2690.38 2141.81
0.353 2705.67 2152.45
0.354 2721 2163.1
0.355 2736.37 2173.77
0.356 2751.79 2184.46
0.357 2767.25 2195.17
0.358 2782.75 2205.89
0.359 2798.29 2216.63
0.36 2813.88 2227.39
0.361 2829.52 2238.16
0.362 2845.19 2248.95
0.363 2860.91 2259.76
0.364 2876.68 2270.58
0.365 2892.48 2281.42
0.366 2908.33 2292.27
0.367 2924.22 2303.14
0.368 2940.16 2314.03
0.369 2956.14 2324.93
0.37 2972.16 2335.85
0.371 2988.23 2346.78
0.372 3004.34 2357.73
0.373 3020.49 2368.7
0.374 3036.68 2379.68
0.375 3052.92 2390.68
0.376 3069.2 2401.69
0.377 3085.53 2412.71
0.378 3101.9 2423.76
0.379 3118.31 2434.81
0.38 3134.77 2445.89
0.381 3151.27 2456.97
0.382 3167.81 2468.08
0.383 3184.39 2479.19
0.384 3201.02 2490.32
0.385 3217.69 2501.47
0.386 3234.41 2512.63
0.387 3251.17 2523.81
0.388 3267.97 2535
0.389 3284.82 2546.2
0.39 3301.7 2557.42
0.391 3318.64 2568.66
0.392 3335.61 2579.9
0.393 3352.63 2591.17
0.394 3369.69 2602.44
0.395 3386.8 2613.73
0.396 3403.94 2625.04
0.397 3421.14 2636.35
0.398 3438.37 2647.68
0.399 3455.65 2659.03
0.4 3472.97 2670.39
0.401 3490.34 2681.76
0.402 3507.74 2693.15
0.403 3525.2 2704.55
0.404 3542.69 2715.96
0.405 3560.23 2727.38
0.406 3577.81 2738.82
0.407 3595.43 2750.27
0.408 3613.1 2761.74
0.409 3630.81 2773.22
0.41 3648.57 2784.71
0.411 3666.37 2796.21
0.412 3684.21 2807.73
0.413 3702.09 2819.26
0.414 3720.02 2830.8
0.415 3737.99 2842.35
0.416 3756.01 2853.92
0.417 3774.06 2865.5
0.418 3792.16 2877.09
0.419 3810.31 2888.69
0.42 3828.5 2900.3
0.421 3846.73 2911.93
0.422 3865 2923.57
0.423 3883.32 2935.22
0.424 3901.68 2946.88
0.425 3920.08 2958.56
0.426 3938.53 2970.25
0.427 3957.02 2981.94
0.428 3975.56 2993.65
0.429 3994.13 3005.37
0.43 4012.76 3017.11
0.431 4031.42 3028.85
0.432 4050.13 3040.6
0.433 4068.88 3052.37
0.434 4087.67 3064.15
0.435 4106.51 3075.94
0.436 4125.39 3087.73
0.437 4144.31 3099.54
0.438 4163.28 3111.36
0.439 4182.29 3123.2
0.44 4201.34 3135.04
0.441 4220.44 3146.89
0.442 4239.58 3158.75
0.443 4258.77 3170.63
0.444 4277.99 3182.51
0.445 4297.26 3194.4
0.446 4316.58 3206.31
0.447 4335.93 3218.22
0.448 4355.33 3230.15
0.449 4374.78 3242.08
0.45 4394.26 3254.02
0.451 4413.79 3265.98
0.452 4433.37 3277.94
0.453 4452.98 3289.92
0.454 4472.64 3301.9
0.455 4492.35 3313.89
0.456 4512.09 3325.89
0.457 4531.88 3337.9
0.458 4551.72 3349.92
0.459 4571.59 3361.95
0.46 4591.51 3373.99
0.461 4611.48 3386.04
0.462 4631.48 3398.1
0.463 4651.53 3410.16
0.464 4671.63 3422.24
0.465 4691.76 3434.32
0.466 4711.94 3446.41
0.467 4732.16 3458.52
0.468 4752.43 3470.62
0.469 4772.74 3482.74
0.47 4793.09 3494.87
0.471 4813.49 3507
0.472 4833.93 3519.15
0.473 4854.41 3531.3
0.474 4874.94 3543.46
0.475 4895.51 3555.62
0.476 4916.12 3567.8
0.477 4936.78 3579.98
0.478 4957.47 3592.17
0.479 4978.22 3604.37
0.48 4999 3616.58
0.481 5019.83 3628.79
0.482 5040.71 3641.01
0.483 5061.62 3653.24
0.484 5082.58 3665.48
0.485 5103.58 3677.72
0.486 5124.63 3689.97
0.487 5145.72 3702.23
0.488 5166.85 3714.49
0.489 5188.03 3726.76
0.49 5209.24 3739.04
0.491 5230.51 3751.33
0.492 5251.81 3763.62
0.493 5273.16 3775.92
0.494 5294.55 3788.22
0.495 5315.99 3800.54
0.496 5337.47 3812.86
0.497 5358.99 3825.18
0.498 5380.55 3837.51
0.499 5402.16 3849.85
0.5 5423.82 3862.19
0.501 5445.51 3874.54
0.502 5467.25 3886.9
0.503 5489.03 3899.26
0.504 5510.86 3911.63
0.505 5532.72 3924
0.506 5554.64 3936.38
0.507 5576.59 3948.76
0.508 5598.59 3961.15
0.509 5620.63 3973.55
0.51 5642.72 3985.95
0.511 5664.85 3998.36
0.512 5687.02 4010.77
0.513 5709.23 4023.19
0.514 5731.49 4035.61
0.515 5753.79 4048.04
0.516 5776.14 4060.47
0.517 5798.52 4072.91
0.518 5820.96 4085.35
0.519 5843.43 4097.79
0.52 5865.95 4110.25
0.521 5888.51 4122.7
0.522 5911.12 4135.16
0.523 5933.76 4147.63
0.524 5956.45 4160.1
0.525 5979.19 4172.57
0.526 6001.97 4185.05
0.527 6024.79 4197.53
0.528 6047.65 4210.02
0.529 6070.56 4222.51
0.53 6093.51 4235
0.531 6116.51 4247.5
0.532 6139.54 4260
0.533 6162.62 4272.51
0.534 6185.75 4285.02
0.535 6208.92 4297.53
0.536 6232.13 4310.04
0.537 6255.38 4322.56
0.538 6278.68 4335.09
0.539 6302.02 4347.61
0.54 6325.4 4360.14
0.541 6348.83 4372.68
0.542 6372.3 4385.21
0.543 6395.82 4397.75
0.544 6419.37 4410.29
0.545 6442.97 4422.83
0.546 6466.62 4435.38
0.547 6490.31 4447.93
0.548 6514.04 4460.48
0.549 6537.81 4473.04
0.55 6561.63 4485.6
0.551 6585.49 4498.16
0.552 6609.39 4510.72
0.553 6633.34 4523.28
0.554 6657.33 4535.85
0.555 6681.36 4548.42
0.556 6705.44 4560.99
0.557 6729.56 4573.56
0.558 6753.72 4586.13
0.559 6777.93 4598.71
0.56 6802.18 4611.29
0.561 6826.47 4623.87
0.562 6850.81 4636.45
0.563 6875.19 4649.03
0.564 6899.62 4661.61
0.565 6924.08 4674.2
0.566 6948.59 4686.78
0.567 6973.15 4699.37
0.568 6997.74 4711.96
0.569 7022.38 4724.55
0.57 7047.07 4737.14
0.571 7071.79 4749.73
0.572 7096.56 4762.32
0.573 7121.37 4774.92
0.574 7146.23 4787.51
0.575 7171.13 4800.11
0.576 7196.07 4812.7
0.577 7221.06 4825.3
0.578 7246.09 4837.89
0.579 7271.16 4850.49
0.58 7296.28 4863.08
0.581 7321.44 4875.68
0.582 7346.64 4888.28
0.583 7371.89 4900.87
0.584 7397.18 4913.47
0.585 7422.51 4926.07
0.586 7447.89 4938.66
0.587 7473.31 4951.26
0.588 7498.77 4963.85
0.589 7524.27 4976.45
0.59 7549.82 4989.04
0.591 7575.42 5001.63
0.592 7601.05 5014.23
0.593 7626.73 5026.82
0.594 7652.45 5039.41
0.595 7678.22 5052
0.596 7704.03 5064.59
0.597 7729.88 5077.18
0.598 7755.78 5089.77
0.599 7781.72 5102.35
0.6 7807.7 5114.94
0.601 7833.73 5127.52
0.602 7859.79 5140.1
0.603 7885.91 5152.68
0.604 7912.06 5165.26
0.605 7938.26 5177.84
0.606 7964.5 5190.42
0.607 7990.79 5202.99
0.608 8017.12 5215.56
0.609 8043.49 5228.13
0.61 8069.91 5240.7
0.611 8096.36 5253.27
0.612 8122.87 5265.83
0.613 8149.41 5278.39
0.614 8176 5290.95
0.615 8202.63 5303.51
0.616 8229.31 5316.06
0.617 8256.03 5328.62
0.618 8282.79 5341.17
0.619 8309.59 5353.71
0.62 8336.44 5366.26
0.621 8363.33 5378.8
0.622 8390.27 5391.34
0.623 8417.25 5403.87
0.624 8444.27 5416.4
0.625 8471.33 5428.93
0.626 8498.44 5441.46
0.627 8525.59 5453.98
0.628 8552.79 5466.5
0.629 8580.03 5479.02
0.63 8607.31 5491.53
0.631 8634.63 5504.04
0.632 8662 5516.54
0.633 8689.41 5529.04
0.634 8716.87 5541.54
0.635 8744.36 5554.03
0.636 8771.91 5566.52
0.637 8799.49 5579.01
0.638 8827.12 5591.49
0.639 8854.79 5603.97
0.64 8882.5 5616.44
0.641 8910.26 5628.91
0.642 8938.06 5641.38
0.643 8965.91 5653.84
0.644 8993.8 5666.29
0.645 9021.73 5678.74
0.646 9049.7 5691.19
0.647 9077.72 5703.63
0.648 9105.78 5716.07
0.649 9133.88 5728.5
0.65 9162.03 5740.92
0.651 9190.22 5753.35
0.652 9218.46 5765.76
0.653 9246.73 5778.17
0.654 9275.05 5790.58
0.655 9303.42 5802.98
0.656 9331.83 5815.38
0.657 9360.28 5827.77
0.658 9388.77 5840.15
0.659 9417.31 5852.53
0.66 9445.89 5864.9
0.661 9474.51 5877.27
0.662 9503.18 5889.63
0.663 9531.89 5901.98
0.664 9560.64 5914.33
0.665 9589.44 5926.68
0.666 9618.28 5939.01
0.667 9647.17 5951.34
0.668 9676.09 5963.67
0.669 9705.06 5975.98
0.67 9734.08 5988.3
0.671 9763.13 6000.6
0.672 9792.23 6012.9
0.673 9821.38 6025.19
0.674 9850.56 6037.48
0.675 9879.79 6049.75
0.676 9909.07 6062.02
0.677 9938.39 6074.29
0.678 9967.75 6086.54
0.679 9997.15 6098.79
0.68 10026.6 6111.04
0.681 10056.1 6123.27
0.682 10085.6 6135.5
0.683 10115.2 6147.72
0.684 10144.8 6159.93
0.685 10174.5 6172.14
0.686 10204.2 6184.34
0.687 10233.9 6196.53
0.688 10263.7 6208.71
0.689 10293.6 6220.88
0.69 10323.4 6233.05
0.691 10353.4 6245.21
0.692 10383.3 6257.36
0.693 10413.3 6269.5
0.694 10443.4 6281.63
0.695 10473.5 6293.76
0.696 10503.6 6305.87
0.697 10533.8 6317.98
0.698 10564 6330.08
0.699 10594.3 6342.17
0.7 10624.6 6354.26
0.701 10655 6366.33
0.702 10685.4 6378.39
0.703 10715.8 6390.45
0.704 10746.3 6402.5
0.705 10776.8 6414.54
0.706 10807.4 6426.56
0.707 10838 6438.58
0.708 10868.7 6450.59
0.709 10899.4 6462.6
0.71 10930.1 6474.59
0.711 10960.9 6486.57
0.712 10991.8 6498.54
0.713 11022.6 6510.5
0.714 11053.5 6522.46
0.715 11084.5 6534.4
0.716 11115.5 6546.33
0.717 11146.6 6558.26
0.718 11177.7 6570.17
0.719 11208.8 6582.07
0.72 11240 6593.96
0.721 11271.2 6605.85
0.722 11302.5 6617.72
0.723 11333.8 6629.58
0.724 11365.1 6641.43
0.725 11396.5 6653.27
0.726 11428 6665.1
0.727 11459.4 6676.92
0.728 11491 6688.73
0.729 11522.5 6700.53
0.73 11554.1 6712.31
0.731 11585.8 6724.09
0.732 11617.5 6735.86
0.733 11649.2 6747.61
0.734 11681 6759.35
0.735 11712.9 6771.08
0.736 11744.7 6782.8
0.737 11776.6 6794.51
0.738 11808.6 6806.21
0.739 11840.6 6817.89
0.74 11872.6 6829.56
0.741 11904.7 6841.23
0.742 11936.9 6852.88
0.743 11969 6864.51
0.744 12001.3 6876.14
0.745 12033.5 6887.75
0.746 12065.8 6899.36
0.747 12098.2 6910.94
0.748 12130.6 6922.52
0.749 12163 6934.09
0.75 12195.5 6945.64
0.751 12228 6957.18
0.752 12260.6 6968.71
0.753 12293.2 6980.22
0.754 12325.8 6991.72
0.755 12358.5 7003.21
0.756 12391.3 7014.69
0.757 12424 7026.15
0.758 12456.9 7037.6
0.759 12489.7 7049.04
0.76 12522.6 7060.46
0.761 12555.6 7071.87
0.762 12588.6 7083.27
0.763 12621.6 7094.66
0.764 12654.7 7106.03
0.765 12687.8 7117.38
0.766 12721 7128.73
0.767 12754.2 7140.06
0.768 12787.5 7151.37
0.769 12820.8 7162.68
0.77 12854.1 7173.96
0.771 12887.5 7185.24
0.772 12920.9 7196.5
0.773 12954.4 7207.74
0.774 12987.9 7218.98
0.775 13021.5 7230.19
0.776 13055.1 7241.4
0.777 13088.7 7252.59
0.778 13122.4 7263.76
0.779 13156.2 7274.92
0.78 13190 7286.07
0.781 13223.8 7297.2
0.782 13257.6 7308.31
0.783 13291.5 7319.41
0.784 13325.5 7330.5
0.785 13359.5 7341.57
0.786 13393.5 7352.62
0.787 13427.6 7363.67
0.788 13461.7 7374.69
0.789 13495.9 7385.7
0.79 13530.1 7396.69
0.791 13564.4 7407.67
0.792 13598.7 7418.64
0.793 13633 7429.58
0.794 13667.4 7440.52
0.795 13701.8 7451.43
0.796 13736.3 7462.33
0.797 13770.8 7473.22
0.798 13805.3 7484.09
0.799 13839.9 7494.94
0.8 13874.6 7505.78
0.801 13909.3 7516.6
0.802 13944 7527.4
0.803 13978.8 7538.19
0.804 14013.6 7548.96
0.805 14048.5 7559.71
0.806 14083.4 7570.45
0.807 14118.3 7581.17
0.808 14153.3 7591.88
0.809 14188.3 7602.57
0.81 14223.4 7613.24
0.811 14258.5 7623.89
0.812 14293.7 7634.53
0.813 14328.9 7645.15
0.814 14364.1 7655.75
0.815 14399.4 7666.33
0.816 14434.8 7676.9
0.817 14470.1 7687.45
0.818 14505.6 7697.99
0.819 14541 7708.5
0.82 14576.5 7719
0.821 14612.1 7729.48
0.822 14647.7 7739.94
0.823 14683.3 7750.39
0.824 14719 7760.81
0.825 14754.7 7771.22
0.826 14790.5 7781.61
0.827 14826.3 7791.99
0.828 14862.2 7802.34
0.829 14898.1 7812.68
0.83 14934 7822.99
0.831 14970 7833.29
0.832 15006 7843.57
0.833 15042.1 7853.83
0.834 15078.2 7864.08
0.835 15114.4 7874.3
0.836 15150.6 7884.51
0.837 15186.8 7894.7
0.838 15223.1 7904.86
0.839 15259.4 7915.01
0.84 15295.8 7925.14
0.841 15332.2 7935.25
0.842 15368.7 7945.34
0.843 15405.2 7955.42
0.844 15441.8 7965.47
0.845 15478.4 7975.5
0.846 15515 7985.51
0.847 15551.7 7995.51
0.848 15588.4 8005.48
0.849 15625.2 8015.44
0.85 15662 8025.37
0.851 15698.8 8035.29
0.852 15735.7 8045.18
0.853 15772.6 8055.05
0.854 15809.6 8064.91
0.855 15846.7 8074.74
0.856 15883.7 8084.56
0.857 15920.8 8094.35
0.858 15958 8104.12
0.859 15995.2 8113.88
0.86 16032.4 8123.61
0.861 16069.7 8133.32
0.862 16107 8143.01
0.863 16144.4 8152.68
0.864 16181.8 8162.33
0.865 16219.3 8171.95
0.866 16256.8 8181.56
0.867 16294.3 8191.15
0.868 16331.9 8200.71
0.869 16369.5 8210.25
0.87 16407.2 8219.77
0.871 16444.9 8229.28
0.872 16482.7 8238.75
0.873 16520.5 8248.21
0.874 16558.4 8257.65
0.875 16596.2 8267.06
0.876 16634.2 8276.45
0.877 16672.2 8285.82
0.878 16710.2 8295.17
0.879 16748.2 8304.5
0.88 16786.3 8313.8
0.881 16824.5 8323.08
0.882 16862.7 8332.34
0.883 16900.9 8341.58
0.884 16939.2 8350.79
0.885 16977.5 8359.99
0.886 17015.9 8369.16
0.887 17054.3 8378.3
0.888 17092.8 8387.43
0.889 17131.3 8396.53
0.89 17169.8 8405.61
0.891 17208.4 8414.67
0.892 17247 8423.7
0.893 17285.7 8432.71
0.894 17324.4 8441.7
0.895 17363.2 8450.66
0.896 17402 8459.6
0.897 17440.8 8468.52
0.898 17479.7 8477.41
0.899 17518.6 8486.28
0.9 17557.6 8495.13
0.901 17596.6 8503.95
0.902 17635.7 8512.75
0.903 17674.8 8521.53
0.904 17713.9 8530.28
0.905 17753.1 8539
0.906 17792.3 8547.71
0.907 17831.6 8556.39
0.908 17870.9 8565.04
0.909 17910.3 8573.67
0.91 17949.7 8582.28
0.911 17989.2 8590.86
0.912 18028.7 8599.42
0.913 18068.2 8607.95
0.914 18107.8 8616.46
0.915 18147.4 8624.95
0.916 18187.1 8633.41
0.917 18226.8 8641.84
0.918 18266.5 8650.25
0.919 18306.3 8658.63
0.92 18346.2 8666.99
0.921 18386 8675.33
0.922 18426 8683.64
0.923 18465.9 8691.92
0.924 18505.9 8700.18
0.925 18546 8708.41
0.926 18586.1 8716.62
0.927 18626.2 8724.8
0.928 18666.4 8732.96
0.929 18706.7 8741.09
0.93 18746.9 8749.19
0.931 18787.3 8757.27
0.932 18827.6 8765.32
0.933 18868 8773.35
0.934 18908.5 8781.35
0.935 18948.9 8789.33
0.936 18989.5 8797.27
0.937 19030.1 8805.2
0.938 19070.7 8813.09
0.939 19111.3 8820.96
0.94 19152 8828.8
0.941 19192.8 8836.62
0.942 19233.6 8844.41
0.943 19274.4 8852.17
0.944 19315.3 8859.91
0.945 19356.2 8867.61
0.946 19397.2 8875.3
0.947 19438.2 8882.95
0.948 19479.2 8890.58
0.949 19520.3 8898.18
0.95 19561.5 8905.75
0.951 19602.7 8913.3
0.952 19643.9 8920.81
0.953 19685.2 8928.3
0.954 19726.5 8935.77
0.955 19767.8 8943.2
0.956 19809.2 8950.61
0.957 19850.7 8957.99
0.958 19892.2 8965.34
0.959 19933.7 8972.66
0.96 19975.3 8979.96
0.961 20016.9 8987.23
0.962 20058.5 8994.47
0.963 20100.2 9001.68
0.964 20142 9008.86
0.965 20183.8 9016.02
0.966 20225.6 9023.14
0.967 20267.5 9030.24
0.968 20309.4 9037.31
0.969 20351.3 9044.35
0.97 20393.4 9051.36
0.971 20435.4 9058.34
0.972 20477.5 9065.29
0.973 20519.6 9072.22
0.974 20561.8 9079.11
0.975 20604 9085.98
0.976 20646.3 9092.82
0.977 20688.6 9099.63
0.978 20730.9 9106.4
0.979 20773.3 9113.15
0.98 20815.8 9119.87
0.981 20858.3 9126.56
0.982 20900.8 9133.22
0.983 20943.4 9139.85
0.984 20986 9146.45
0.985 21028.6 9153.02
0.986 21071.3 9159.56
0.987 21114.1 9166.07
0.988 21156.8 9172.55
0.989 21199.7 9179
0.99 21242.5 9185.42
0.991 21285.5 9191.81
0.992 21328.4 9198.17
0.993 21371.4 9204.5
0.994 21414.5 9210.8
0.995 21457.5 9217.07
0.996 21500.7 9223.3
0.997 21543.9 9229.51
0.998 21587.1 9235.68
0.999 21630.3 9241.83
1 21673.6 9247.94
1.001 21717 9254.02
1.002 21760.4 9260.07
1.003 21803.8 9266.09
1.004 21847.3 9272.08
1.005 21890.8 9278.04
1.006 21934.4 9283.96
1.007 21978 9289.86
1.008 22021.6 9295.72
1.009 22065.3 9301.55
1.01 22109.1 9307.35
1.011 22152.8 9313.12
1.012 22196.7 9318.85
1.013 22240.5 9324.56
1.014 22284.4 9330.23
1.015 22328.4 9335.86
1.016 22372.4 9341.47
1.017 22416.4 9347.05
1.018 22460.5 9352.59
1.019 22504.6 9358.1
1.02 22548.8 9363.57
1.021 22593 9369.02
1.022 22637.3 9374.43
1.023 22681.6 9379.81
1.024 22725.9 9385.16
1.025 22770.3 9390.47
1.026 22814.7 9395.75
1.027 22859.2 9401
1.028 22903.7 9406.21
1.029 22948.3 9411.39
1.03 22992.9 9416.54
1.031 23037.5 9421.66
1.032 23082.2 9426.74
1.033 23127 9431.79
1.034 23171.7 9436.8
1.035 23216.6 9441.78
1.036 23261.4 9446.73
1.037 23306.3 9451.64
1.038 23351.3 9456.52
1.039 23396.3 9461.37
1.04 23441.3 9466.18
1.041 23486.4 9470.95
1.042 23531.5 9475.7
1.043 23576.7 9480.41
1.044 23621.9 9485.08
1.045 23667.1 9489.72
1.046 23712.4 9494.33
1.047 23757.8 9498.9
1.048 23803.2 9503.44
1.049 23848.6 9507.94
1.05 23894 9512.41
1.051 23939.6 9516.84
1.052 23985.1 9521.24
1.053 24030.7 9525.6
1.054 24076.4 9529.93
1.055 24122 9534.22
1.056 24167.8 9538.48
1.057 24213.5 9542.7
1.058 24259.4 9546.89
1.059 24305.2 9551.04
1.06 24351.1 9555.15
1.061 24397.1 9559.23
1.062 24443.1 9563.28
1.063 24489.1 9567.29
1.064 24535.2 9571.26
1.065 24581.3 9575.2
1.066 24627.4 9579.1
1.067 24673.6 9582.97
1.068 24719.9 9586.8
1.069 24766.2 9590.59
1.07 24812.5 9594.35
1.071 24858.9 9598.07
1.072 24905.3 9601.75
1.073 24951.8 9605.4
1.074 24998.3 9609.01
1.075 25044.8 9612.59
1.076 25091.4 9616.12
1.077 25138.1 9619.62
1.078 25184.8 9623.09
1.079 25231.5 9626.52
1.08 25278.3 9629.91
1.081 25325.1 9633.26
1.082 25371.9 9636.58
1.083 25418.8 9639.86
1.084 25465.8 9643.1
1.085 25512.7 9646.31
1.086 25559.8 9649.47
1.087 25606.8 9652.6
1.088 25654 9655.69
1.089 25701.1 9658.75
1.09 25748.3 9661.77
1.091 25795.6 9664.75
1.092 25842.9 9667.69
1.093 25890.2 9670.59
1.094 25937.6 9673.46
1.095 25985 9676.28
1.096 26032.4 9679.07
1.097 26079.9 9681.82
1.098 26127.5 9684.54
1.099 26175.1 9687.21
1.1 26222.7 9689.85
1.101 26270.4 9692.44
1.102 26318.1 9695
1.103 26365.9 9697.52
1.104 26413.7 9700
1.105 26461.5 9702.45
1.106 26509.4 9704.85
1.107 26557.4 9707.21
1.108 26605.4 9709.54
1.109 26653.4 9711.83
1.11 26701.4 9714.07
1.111 26749.6 9716.28
1.112 26797.7 9718.45
1.113 26845.9 9720.58
1.114 26894.1 9722.67
1.115 26942.4 9724.72
1.116 26990.8 9726.73
1.117 27039.1 9728.7
1.118 27087.5 9730.63
1.119 27136 9732.52
1.12 27184.5 9734.37
1.121 27233 9736.19
1.122 27281.6 9737.96
1.123 27330.3 9739.69
1.124 27378.9 9741.38
1.125 27427.7 9743.03
1.126 27476.4 9744.64
1.127 27525.2 9746.21
1.128 27574.1 9747.74
1.129 27623 9749.23
1.13 27671.9 9750.67
1.131 27720.9 9752.08
1.132 27769.9 9753.45
1.133 27818.9 9754.77
1.134 27868.1 9756.06
1.135 27917.2 9757.3
1.136 27966.4 9758.5
1.137 28015.6 9759.66
1.138 28064.9 9760.78
1.139 28114.2 9761.86
1.14 28163.6 9762.9
1.141 28213 9763.89
1.142 28262.5 9764.84
1.143 28312 9765.76
1.144 28361.5 9766.63
1.145 28411.1 9767.46
1.146 28460.7 9768.24
1.147 28510.4 9768.99
1.148 28560.1 9769.69
1.149 28609.8 9770.35
1.15 28659.6 9770.97
1.151 28709.5 9771.54
1.152 28759.4 9772.08
1.153 28809.3 9772.57
1.154 28859.3 9773.02
1.155 28909.3 9773.43
1.156 28959.4 9773.79
1.157 29009.5 9774.11
1.158 29059.6 9774.39
1.159 29109.8 9774.62
1.16 29160 9774.82
1.161 29210.3 9774.97
1.162 29260.6 9775.07
1.163 29311 9775.14
1.164 29361.4 9775.16
1.165 29411.8 9775.13
1.166 29462.3 9775.07
1.167 29512.9 9774.96
1.168 29563.4 9774.8
1.169 29614.1 9774.61
1.17 29664.7 9774.37
1.171 29715.4 9774.08
1.172 29766.2 9773.75
1.173 29817 9773.38
1.174 29867.8 9772.96
1.175 29918.7 9772.5
1.176 29969.6 9772
1.177 30020.6 9771.45
1.178 30071.6 9770.86
1.179 30122.7 9770.22
1.18 30173.8 9769.54
1.181 30224.9 9768.81
1.182 30276.1 9768.04
1.183 30327.3 9767.23
1.184 30378.6 9766.37
1.185 30429.9 9765.47
1.186 30481.3 9764.52
1.187 30532.7 9763.52
1.188 30584.1 9762.48
1.189 30635.6 9761.4
1.19 30687.1 9760.27
1.191 30738.7 9759.09
1.192 30790.3 9757.87
1.193 30842 9756.61
1.194 30893.7 9755.3
1.195 30945.4 9753.94
1.196 30997.2 9752.54
1.197 31049.1 9751.09
1.198 31101 9749.6
1.199 31152.9 9748.06
1.2 31204.8 9746.47
1.201 31256.8 9744.84
1.202 31308.9 9743.17
1.203 31361 9741.44
1.204 31413.1 9739.67
1.205 31465.3 9737.86
1.206 31517.5 9736
1.207 31569.8 9734.09
1.208 31622.1 9732.13
1.209 31674.5 9730.13
1.21 31726.9 9728.08
1.211 31779.3 9725.99
1.212 31831.8 9723.85
1.213 31884.3 9721.66
1.214 31936.9 9719.42
1.215 31989.5 9717.14
1.216 32042.2 9714.81
1.217 32094.9 9712.44
1.218 32147.6 9710.01
1.219 32200.4 9707.54
1.22 32253.2 9705.02
1.221 32306.1 9702.46
1.222 32359 9699.84
1.223 32412 9697.18
1.224 32465 9694.47
1.225 32518 9691.72
1.226 32571.1 9688.91
1.227 32624.3 9686.06
1.228 32677.4 9683.16
1.229 32730.7 9680.21
1.23 32783.9 9677.21
1.231 32837.2 9674.17
1.232 32890.6 9671.08
1.233 32944 9667.94
1.234 32997.4 9664.75
1.235 33050.9 9661.51
1.236 33104.4 9658.22
1.237 33158 9654.89
1.238 33211.6 9651.5
1.239 33265.2 9648.07
1.24 33318.9 9644.59
1.241 33372.7 9641.06
1.242 33426.5 9637.48
1.243 33480.3 9633.85
1.244 33534.2 9630.17
1.245 33588.1 9626.44
1.246 33642 9622.67
1.247 33696 9618.84
1.248 33750.1 9614.97
1.249 33804.2 9611.04
1.25 33858.3 9607.07
1.251 33912.5 9603.04
1.252 33966.7 9598.97
1.253 34020.9 9594.85
1.254 34075.2 9590.67
1.255 34129.6 9586.45
1.256 34184 9582.18
1.257 34238.4 9577.85
1.258 34292.9 9573.48
1.259 34347.4 9569.05
1.26 34402 9564.58
1.261 34456.6 9560.05
1.262 34511.2 9555.48
1.263 34565.9 9550.85
1.264 34620.7 9546.18
1.265 34675.4 9541.45
1.266 34730.3 9536.67
1.267 34785.1 9531.84
1.268 34840 9526.96
1.269 34895 9522.03
1.27 34950 9517.05
1.271 35005 9512.01
1.272 35060.1 9506.93
1.273 35115.2 9501.79
1.274 35170.4 9496.61
1.275 35225.6 9491.37
1.276 35280.9 9486.08
1.277 35336.2 9480.74
1.278 35391.5 9475.34
1.279 35446.9 9469.9
1.28 35502.3 9464.4
1.281 35557.8 9458.85
1.282 35613.3 9453.25
1.283 35668.9 9447.6
1.284 35724.5 9441.89
1.285 35780.1 9436.13
1.286 35835.8 9430.32
1.287 35891.5 9424.46
1.288 35947.3 9418.55
1.289 36003.1 9412.58
1.29 36059 9406.56
1.291 36114.9 9400.49
1.292 36170.9 9394.36
1.293 36226.8 9388.18
1.294 36282.9 9381.95
1.295 36339 9375.67
1.296 36395.1 9369.33
1.297 36451.2 9362.94
1.298 36507.5 9356.5
1.299 36563.7 9350
1.3 36620 9343.45
1.301 36676.3 9336.85
1.302 36732.7 9330.19
1.303 36789.1 9323.48
1.304 36845.6 9316.72
1.305 36902.1 9309.9
1.306 36958.7 9303.03
1.307 37015.3 9296.11
1.308 37071.9 9289.13
1.309 37128.6 9282.09
1.31 37185.3 9275.01
1.311 37242.1 9267.87
1.312 37298.9 9260.67
1.313 37355.8 9253.42
1.314 37412.7 9246.12
1.315 37469.6 9238.76
1.316 37526.6 9231.35
1.317 37583.6 9223.88
1.318 37640.7 9216.36
1.319 37697.8 9208.78
1.32 37755 9201.15
1.321 37812.2 9193.46
1.322 37869.5 9185.72
1.323 37926.7 9177.92
1.324 37984.1 9170.07
1.325 38041.5 9162.16
1.326 38098.9 9154.2
1.327 38156.3 9146.18
1.328 38213.8 9138.11
1.329 38271.4 9129.98
1.33 38329 9121.8
1.331 38386.6 9113.56
1.332 38444.3 9105.26
1.333 38502 9096.91
1.334 38559.8 9088.5
1.335 38617.6 9080.04
1.336 38675.5 9071.52
1.337 38733.4 9062.95
1.338 38791.3 9054.32
1.339 38849.3 9045.63
1.34 38907.3 9036.88
1.341 38965.4 9028.08
1.342 39023.5 9019.23
1.343 39081.7 9010.32
1.344 39139.9 9001.35
1.345 39198.1 8992.32
1.346 39256.4 8983.24
1.347 39314.7 8974.1
1.348 39373.1 8964.9
1.349 39431.5 8955.65
1.35 39490 8946.33
1.351 39548.5 8936.97
1.352 39607 8927.54
1.353 39665.6 8918.06
1.354 39724.2 8908.52
1.355 39782.9 8898.92
1.356 39841.6 8889.27
1.357 39900.4 8879.55
1.358 39959.2 8869.79
1.359 40018.1 8859.96
1.36 40077 8850.07
1.361 40135.9 8840.13
1.362 40194.9 8830.13
1.363 40253.9 8820.07
1.364 40313 8809.95
1.365 40372.1 8799.78
1.366 40431.2 8789.54
1.367 40490.4 8779.25
1.368 40549.7 8768.9
1.369 40608.9 8758.49
1.37 40668.3 8748.02
1.371 40727.6 8737.5
1.372 40787.1 8726.91
1.373 40846.5 8716.27
1.374 40906 8705.57
1.375 40965.6 8694.81
1.376 41025.1 8683.99
1.377 41084.8 8673.11
1.378 41144.4 8662.17
1.379 41204.2 8651.17
1.38 41263.9 8640.11
1.381 41323.7 8629
1.382 41383.6 8617.82
1.383 41443.5 8606.59
1.384 41503.4 8595.29
1.385 41563.4 8583.94
1.386 41623.4 8572.52
1.387 41683.5 8561.05
1.388 41743.6 8549.52
1.389 41803.7 8537.92
1.39 41863.9 8526.27
1.391 41924.1 8514.56
1.392 41984.4 8502.78
1.393 42044.7 8490.95
1.394 42105.1 8479.05
1.395 42165.5 8467.1
1.396 42226 8455.08
1.397 42286.5 8443.01
1.398 42347 8430.87
1.399 42407.6 8418.67
1.4 42468.2 8406.41
1.401 42528.9 8394.1
1.402 42589.6 8381.72
1.403 42650.3 8369.28
1.404 42711.1 8356.77
1.405 42772 8344.21
1.406 42832.9 8331.59
1.407 42893.8 8318.9
1.408 42954.8 8306.15
1.409 43015.8 8293.35
1.41 43076.8 8280.48
1.411 43137.9 8267.55
1.412 43199.1 8254.55
1.413 43260.3 8241.5
1.414 43321.5 8228.38
1.415 43382.8 8215.2
1.416 43444.1 8201.96
1.417 43505.5 8188.66
1.418 43566.9 8175.3
1.419 43628.3 8161.87
1.42 43689.8 8148.38
1.421 43751.3 8134.83
1.422 43812.9 8121.22
1.423 43874.5 8107.54
1.424 43936.2 8093.8
1.425 43997.9 8080
1.426 44059.7 8066.14
1.427 44121.5 8052.21
1.428 44183.3 8038.22
1.429 44245.2 8024.17
1.43 44307.1 8010.05
1.431 44369.1 7995.87
1.432 44431.1 7981.63
1.433 44493.1 7967.33
1.434 44555.2 7952.96
1.435 44617.4 7938.53
1.436 44679.6 7924.03
1.437 44741.8 7909.47
1.438 44804.1 7894.85
1.439 44866.4 7880.16
1.44 44928.7 7865.42
1.441 44991.1 7850.6
1.442 45053.6 7835.72
1.443 45116.1 7820.78
1.444 45178.6 7805.78
1.445 45241.2 7790.71
1.446 45303.8 7775.58
1.447 45366.5 7760.38
1.448 45429.2 7745.12
1.449 45491.9 7729.79
1.45 45554.7 7714.4
1.451 45617.5 7698.94
1.452 45680.4 7683.42
1.453 45743.3 7667.84
1.454 45806.3 7652.19
1.455 45869.3 7636.47
1.456 45932.4 7620.69
1.457 45995.4 7604.85
1.458 46058.6 7588.94
1.459 46121.8 7572.96
1.46 46185 7556.92
1.461 46248.3 7540.82
1.462 46311.6 7524.65
1.463 46374.9 7508.41
1.464 46438.3 7492.11
1.465 46501.8 7475.74
1.466 46565.2 7459.31
1.467 46628.8 7442.81
1.468 46692.3 7426.25
1.469 46755.9 7409.62
1.47 46819.6 7392.92
1.471 46883.3 7376.16
1.472 46947.1 7359.33
1.473 47010.8 7342.44
1.474 47074.7 7325.48
1.475 47138.5 7308.45
1.476 47202.5 7291.35
1.477 47266.4 7274.19
1.478 47330.4 7256.97
1.479 47394.5 7239.67
1.48 47458.6 7222.31
1.481 47522.7 7204.89
1.482 47586.9 7187.39
1.483 47651.1 7169.83
1.484 47715.3 7152.2
1.485 47779.7 7134.51
1.486 47844 7116.75
1.487 47908.4 7098.92
1.488 47972.8 7081.02
1.489 48037.3 7063.06
1.49 48101.8 7045.03
1.491 48166.4 7026.93
1.492 48231 7008.76
1.493 48295.7 6990.53
1.494 48360.4 6972.23
1.495 48425.1 6953.86
1.496 48489.9 6935.42
1.497 48554.7 6916.91
1.498 48619.6 6898.34
1.499 48684.5 6879.7
1.5 48749.4 6860.99
1.501 48814.4 6842.21
1.502 48879.5 6823.36
1.503 48944.6 6804.45
1.504 49009.7 6785.46
1.505 49074.9 6766.41
1.506 49140.1 6747.29
1.507 49205.4 6728.1
1.508 49270.7 6708.84
1.509 49336 6689.52
1.51 49401.4 6670.12
1.511 49466.8 6650.66
1.512 49532.3 6631.12
1.513 49597.8 6611.52
1.514 49663.4 6591.85
1.515 49729 6572.1
1.516 49794.6 6552.29
1.517 49860.3 6532.41
1.518 49926.1 6512.46
1.519 49991.8 6492.44
1.52 50057.7 6472.35
1.521 50123.5 6452.19
1.522 50189.4 6431.96
1.523 50255.4 6411.66
1.524 50321.4 6391.29
1.525 50387.4 6370.86
1.526 50453.5 6350.35
1.527 50519.6 6329.77
1.528 50585.8 6309.12
1.529 50652 6288.4
1.53 50718.3 6267.61
1.531 50784.6 6246.74
1.532 50850.9 6225.81
1.533 50917.3 6204.81
1.534 50983.7 6183.74
1.535 51050.2 6162.59
1.536 51116.7 6141.38
1.537 51183.3 6120.09
1.538 51249.9 6098.74
1.539 51316.5 6077.31
1.54 51383.2 6055.81
1.541 51449.9 6034.24
1.542 51516.7 6012.6
1.543 51583.5 5990.88
1.544 51650.4 5969.1
1.545 51717.3 5947.24
1.546 51784.2 5925.32
1.547 51851.2 5903.32
1.548 51918.3 5881.25
1.549 51985.3 5859.1
1.55 52052.5 5836.89
1.551 52119.6 5814.6
1.552 52186.8 5792.24
1.553 52254.1 5769.81
1.554 52321.4 5747.31
1.555 52388.7 5724.73
1.556 52456.1 5702.08
1.557 52523.5 5679.36
1.558 52591 5656.57
1.559 52658.5 5633.71
1.56 52726.1 5610.77
1.561 52793.7 5587.76
1.562 52861.3 5564.67
1.563 52929 5541.52
1.564 52996.7 5518.29
1.565 53064.5 5494.98
1.566 53132.3 5471.61
1.567 53200.1 5448.16
1.568 53268 5424.64
1.569 53336 5401.04
1.57 53404 5377.37
1.571 53472 5353.63
1.572 53540.1 5329.81
1.573 53608.2 5305.93
1.574 53676.4 5281.96
1.575 53744.6 5257.92
1.576 53812.8 5233.81
1.577 53881.1 5209.63
1.578 53949.4 5185.37
1.579 54017.8 5161.04
1.58 54086.2 5136.63
1.581 54154.7 5112.15
1.582 54223.2 5087.59
1.583 54291.8 5062.96
1.584 54360.3 5038.26
1.585 54429 5013.48
1.586 54497.7 4988.63
1.587 54566.4 4963.7
1.588 54635.2 4938.7
1.589 54704 4913.62
1.59 54772.8 4888.46
1.591 54841.7 4863.24
1.592 54910.7 4837.93
1.593 54979.6 4812.56
1.594 55048.7 4787.1
1.595 55117.7 4761.58
1.596 55186.8 4735.97
1.597 55256 4710.29
1.598 55325.2 4684.54
1.599 55394.4 4658.71
1.6 55463.7 4632.8
1.601 55533.1 4606.82
1.602 55602.4 4580.76
1.603 55671.8 4554.63
1.604 55741.3 4528.42
1.605 55810.8 4502.14
1.606 55880.4 4475.78
1.607 55949.9 4449.34
1.608 56019.6 4422.83
1.609 56089.3 4396.24
1.61 56159 4369.57
1.611 56228.7 4342.83
1.612 56298.5 4316.01
1.613 56368.4 4289.11
1.614 56438.3 4262.14
1.615 56508.2 4235.09
1.616 56578.2 4207.96
1.617 56648.2 4180.76
1.618 56718.3 4153.48
1.619 56788.4 4126.12
1.62 56858.6 4098.69
1.621 56928.7 4071.18
1.622 56999 4043.59
1.623 57069.3 4015.92
1.624 57139.6 3988.18
1.625 57210 3960.36
1.626 57280.4 3932.46
1.627 57350.8 3904.49
1.628 57421.3 3876.43
1.629 57491.9 3848.3
1.63 57562.5 3820.09
1.631 57633.1 3791.8
1.632 57703.8 3763.44
1.633 57774.5 3734.99
1.634 57845.2 3706.47
1.635 57916 3677.87
1.636 57986.9 3649.2
1.637 58057.8 3620.44
1.638 58128.7 3591.6
1.639 58199.7 3562.69
1.64 58270.7 3533.7
1.641 58341.8 3504.63
1.642 58412.9 3475.48
1.643 58484 3446.25
1.644 58555.2 3416.94
1.645 58626.4 3387.55
1.646 58697.7 3358.09
1.647 58769 3328.54
1.648 58840.4 3298.92
1.649 58911.8 3269.22
1.65 58983.3 3239.44
1.651 59054.8 3209.57
1.652 59126.3 3179.63
1.653 59197.9 3149.61
1.654 59269.5 3119.51
1.655 59341.2 3089.33
1.656 59412.9 3059.07
1.657 59484.6 3028.73
1.658 59556.4 2998.31
1.659 59628.3 2967.81
1.66 59700.2 2937.23
1.661 59772.1 2906.57
1.662 59844.1 2875.83
1.663 59916.1 2845.01
1.664 59988.1 2814.11
1.665 60060.2 2783.13
1.666 60132.4 2752.06
1.667 60204.6 2720.92
1.668 60276.8 2689.7
1.669 60349.1 2658.39
1.67 60421.4 2627.01
1.671 60493.7 2595.54
1.672 60566.2 2563.99
1.673 60638.6 2532.37
1.674 60711.1 2500.66
1.675 60783.6 2468.87
1.676 60856.2 2436.99
1.677 60928.8 2405.04
1.678 61001.5 2373.01
1.679 61074.2 2340.89
1.68 61146.9 2308.69
1.681 61219.7 2276.41
1.682 61292.6 2244.05
1.683 61365.5 2211.61
1.684 61438.4 2179.08
1.685 61511.3 2146.48
1.686 61584.4 2113.79
1.687 61657.4 2081.02
1.688 61730.5 2048.16
1.689 61803.6 2015.23
1.69 61876.8 1982.21
1.691 61950.1 1949.11
1.692 62023.3 1915.93
1.693 62096.6 1882.66
1.694 62170 1849.32
1.695 62243.4 1815.89
1.696 62316.8 1782.37
1.697 62390.3 1748.78
1.698 62463.9 1715.1
1.699 62537.4 1681.33
1.7 62611.1 1647.49
1.701 62684.7 1613.56
1.702 62758.4 1579.55
1.703 62832.2 1545.46
1.704 62906 1511.28
1.705 62979.8 1477.02
1.706 63053.7 1442.67
1.707 63127.6 1408.24
1.708 63201.5 1373.73
1.709 63275.6 1339.13
1.71 63349.6 1304.45
1.711 63423.7 1269.69
1.712 63497.8 1234.84
1.713 63572 1199.91
1.714 63646.2 1164.89
1.715 63720.5 1129.79
1.716 63794.8 1094.61
1.717 63869.2 1059.34
1.718 63943.6 1023.99
1.719 64018 988.549
1.72 64092.5 953.027
1.721 64167 917.42
1.722 64241.6 881.729
1.723 64316.2 845.952
1.724 64390.8 810.091
1.725 64465.5 774.145
1.726 64540.3 738.114
1.727 64615.1 701.998
1.728 64689.9 665.796
1.729 64764.8 629.509
1.73 64839.7 593.137
1.731 64914.7 556.68
1.732 64989.7 520.137
1.733 65064.7 483.509
1.734 65139.8 446.795
1.735 65214.9 409.996
1.736 65290.1 373.11
1.737 65365.3 336.139
1.738 65440.6 299.082
1.739 65515.9 261.939
1.74 65591.2 224.71
1.741 65666.6 187.395
1.742 65742.1 149.993
1.743 65817.5 112.505
1.744 65893.1 74.9313
1.745 65968.6 37.2708
1.746 66044.2 -0.476141
