0 0 0
0.001 0.0409576 0.028654
0.002 0.122873 0.0981665
0.003 0.245746 0.208463
0.004 0.409576 0.359469
0.005 0.614364 0.551111
0.006 0.86011 0.783313
0.007 1.14681 1.056
0.008 1.47447 1.3691
0.009 1.84309 1.72254
0.01 2.25267 2.11625
0.011 2.7032 2.55014
0.012 3.19469 3.02414
0.013 3.72714 3.53819
0.014 4.30055 4.0922
0.015 4.91491 4.68611
0.016 5.57023 5.31983
0.017 6.26651 5.9933
0.018 7.00375 6.70643
0.019 7.78194 7.45916
0.02 8.6011 8.2514
0.021 9.4612 9.0831
0.022 10.3623 9.95416
0.023 11.3043 10.8645
0.024 12.2873 11.8141
0.025 13.3112 12.8028
0.026 14.3761 13.8306
0.027 15.482 14.8974
0.028 16.6288 16.0032
0.029 17.8165 17.1477
0.03 19.0453 18.3311
0.031 20.315 19.5532
0.032 21.6256 20.8138
0.033 22.9772 22.1131
0.034 24.3697 23.4508
0.035 25.8033 24.8269
0.036 27.2777 26.2413
0.037 28.7932 27.694
0.038 30.3495 29.1849
0.039 31.9469 30.7139
0.04 33.5852 32.2809
0.041 35.2644 33.8859
0.042 36.9846 35.5288
0.043 38.7458 37.2095
0.044 40.5479 38.9279
0.045 42.391 40.6839
0.046 44.275 42.4776
0.047 46.2 44.3087
0.048 48.166 46.1773
0.049 50.1729 48.0833
0.05 52.2207 50.0266
0.051 54.3096 52.007
0.052 56.4394 54.0246
0.053 58.6101 56.0793
0.054 60.8218 58.171
0.055 63.0745 60.2996
0.056 65.3681 62.465
0.057 67.7027 64.6672
0.058 70.0782 66.9061
0.059 72.4947 69.1816
0.06 74.9522 71.4937
0.061 77.4506 73.8423
0.062 79.99 76.2272
0.063 82.5703 78.6485
0.064 85.1917 81.1061
0.065 87.854 83.5998
0.066 90.5572 86.1296
0.067 93.3014 88.6954
0.068 96.0866 91.2973
0.069 98.9128 93.935
0.07 101.78 96.6085
0.071 104.688 99.3177
0.072 107.637 102.063
0.073 110.627 104.843
0.074 113.658 107.659
0.075 116.73 110.511
0.076 119.843 113.397
0.077 122.997 116.319
0.078 126.192 119.277
0.079 129.427 122.269
0.08 132.704 125.297
0.081 136.022 128.359
0.082 139.381 131.457
0.083 142.78 134.589
0.084 146.221 137.756
0.085 149.702 140.957
0.086 153.225 144.194
0.087 156.788 147.465
0.088 160.393 150.77
0.089 164.038 154.11
0.09 167.725 157.484
0.091 171.452 160.892
0.092 175.221 164.335
0.093 179.03 167.811
0.094 182.88 171.322
0.095 186.771 174.866
0.096 190.703 178.445
0.097 194.677 182.057
0.098 198.691 185.703
0.099 202.746 189.382
0.1 206.842 193.095
0.101 210.979 196.842
0.102 215.157 200.622
0.103 219.376 204.436
0.104 223.636 208.282
0.105 227.936 212.162
0.106 232.278 216.075
0.107 236.661 220.021
0.108 241.085 224
0.109 245.549 228.012
0.11 250.055 232.057
0.111 254.602 236.135
0.112 259.189 240.245
0.113 263.818 244.388
0.114 268.487 248.563
0.115 273.198 252.771
0.116 277.949 257.011
0.117 282.741 261.284
0.118 287.575 265.588
0.119 292.449 269.925
0.12 297.364 274.294
0.121 302.32 278.695
0.122 307.318 283.128
0.123 312.356 287.593
0.124 317.435 292.09
0.125 322.555 296.618
0.126 327.716 301.178
0.127 332.918 305.769
0.128 338.161 310.392
0.129 343.445 315.047
0.13 348.77 319.733
0.131 354.135 324.45
0.132 359.542 329.198
0.133 364.99 333.977
0.134 370.479 338.788
0.135 376.008 343.629
0.136 381.579 348.501
0.137 387.19 353.404
0.138 392.843 358.338
0.139 398.536 363.303
0.14 404.271 368.298
0.141 410.046 373.323
0.142 415.863 378.379
0.143 421.72 383.466
0.144 427.618 388.583
0.145 433.558 393.73
0.146 439.538 398.907
0.147 445.559 404.114
0.148 451.621 409.351
0.149 457.724 414.618
0.15 463.868 419.915
0.151 470.053 425.242
0.152 476.279 430.598
0.153 482.546 435.985
0.154 488.854 441.4
0.155 495.203 446.845
0.156 501.593 452.32
0.157 508.024 457.824
0.158 514.495 463.357
0.159 521.008 468.919
0.16 527.562 474.511
0.161 534.157 480.131
0.162 540.792 485.781
0.163 547.469 491.459
0.164 554.186 497.166
0.165 560.945 502.902
0.166 567.744 508.667
0.167 574.584 514.46
0.168 581.466 520.281
0.169 588.388 526.131
0.17 595.351 532.01
0.171 602.356 537.917
0.172 609.401 543.852
0.173 616.487 549.815
0.174 623.614 555.806
0.175 630.782 561.825
0.176 637.991 567.872
0.177 645.241 573.947
0.178 652.532 580.05
0.179 659.864 586.18
0.18 667.237 592.338
0.181 674.651 598.524
0.182 682.106 604.737
0.183 689.601 610.978
0.184 697.138 617.245
0.185 704.716 623.54
0.186 712.335 629.863
0.187 719.994 636.212
0.188 727.695 642.588
0.189 735.436 648.992
0.19 743.219 655.422
0.191 751.042 661.879
0.192 758.907 668.363
0.193 766.812 674.873
0.194 774.758 681.41
0.195 782.746 687.973
0.196 790.774 694.563
0.197 798.843 701.18
0.198 806.953 707.822
0.199 815.104 714.491
0.2 823.296 721.186
0.201 831.529 727.907
0.202 839.803 734.654
0.203 848.118 741.426
0.204 856.474 748.225
0.205 864.871 755.05
0.206 873.309 761.9
0.207 881.788 768.776
0.208 890.308 775.677
0.209 898.868 782.604
0.21 907.47 789.556
0.211 916.113 796.533
0.212 924.796 803.536
0.213 933.521 810.564
0.214 942.287 817.617
0.215 951.093 824.695
0.216 959.941 831.798
0.217 968.829 838.926
0.218 977.758 846.078
0.219 986.729 853.256
0.22 995.74 860.458
0.221 1004.79 867.684
0.222 1013.89 874.935
0.223 1023.02 882.211
0.224 1032.19 889.511
0.225 1041.41 896.835
0.226 1050.67 904.183
0.227 1059.97 911.556
0.228 1069.3 918.952
0.229 1078.68 926.373
0.23 1088.11 933.817
0.231 1097.57 941.285
0.232 1107.07 948.777
0.233 1116.61 956.293
0.234 1126.2 963.832
0.235 1135.82 971.395
0.236 1145.49 978.981
0.237 1155.2 986.591
0.238 1164.95 994.224
0.239 1174.74 1001.88
0.24 1184.57 1009.56
0.241 1194.44 1017.26
0.242 1204.35 1024.99
0.243 1214.31 1032.74
0.244 1224.3 1040.51
0.245 1234.33 1048.3
0.246 1244.41 1056.12
0.247 1254.53 1063.96
0.248 1264.69 1071.82
0.249 1274.89 1079.7
0.25 1285.13 1087.61
0.251 1295.41 1095.54
0.252 1305.73 1103.49
0.253 1316.09 1111.46
0.254 1326.5 1119.46
0.255 1336.94 1127.48
0.256 1347.43 1135.52
0.257 1357.95 1143.58
0.258 1368.52 1151.66
0.259 1379.13 1159.77
0.26 1389.78 1167.9
0.261 1400.47 1176.04
0.262 1411.2 1184.21
0.263 1421.97 1192.41
0.264 1432.79 1200.62
0.265 1443.64 1208.85
0.266 1454.54 1217.11
0.267 1465.47 1225.39
0.268 1476.45 1233.68
0.269 1487.47 1242
0.27 1498.53 1250.34
0.271 1509.63 1258.7
0.272 1520.77 1267.08
0.273 1531.95 1275.48
0.274 1543.18 1283.91
0.275 1554.44 1292.35
0.276 1565.75 1300.81
0.277 1577.09 1309.3
0.278 1588.48 1317.8
0.279 1599.91 1326.33
0.28 1611.38 1334.87
0.281 1622.89 1343.44
0.282 1634.44 1352.02
0.283 1646.03 1360.63
0.284 1657.66 1369.25
0.285 1669.33 1377.9
0.286 1681.05 1386.56
0.287 1692.81 1395.24
0.288 1704.6 1403.95
0.289 1716.44 1412.67
0.29 1728.32 1421.41
0.291 1740.24 1430.18
0.292 1752.2 1438.96
0.293 1764.2 1447.76
0.294 1776.24 1456.58
0.295 1788.33 1465.42
0.296 1800.45 1474.27
0.297 1812.61 1483.15
0.298 1824.82 1492.05
0.299 1837.07 1500.96
0.3 1849.36 1509.89
0.301 1861.69 1518.84
0.302 1874.06 1527.81
0.303 1886.47 1536.8
0.304 1898.92 1545.81
0.305 1911.41 1554.84
0.306 1923.95 1563.88
0.307 1936.52 1572.94
0.308 1949.14 1582.02
0.309 1961.79 1591.12
0.31 1974.49 1600.23
0.311 1987.23 1609.37
0.312 2000.01 1618.52
0.313 2012.83 1627.69
0.314 2025.69 1636.88
0.315 2038.59 1646.08
0.316 2051.54 1655.3
0.317 2064.52 1664.54
0.318 2077.55 1673.8
0.319 2090.61 1683.07
0.32 2103.72 1692.36
0.321 2116.87 1701.67
0.322 2130.06 1711
0.323 2143.29 1720.34
0.324 2156.56 1729.7
0.325 2169.87 1739.08
0.326 2183.22 1748.47
0.327 2196.62 1757.88
0.328 2210.05 1767.31
0.329 2223.53 1776.75
0.33 2237.05 1786.21
0.331 2250.6 1795.68
0.332 2264.2 1805.18
0.333 2277.84 1814.68
0.334 2291.52 1824.21
0.335 2305.25 1833.75
0.336 2319.01 1843.31
0.337 2332.81 1852.88
0.338 2346.66 1862.47
0.339 2360.54 1872.07
0.34 2374.47 1881.69
0.341 2388.44 1891.33
0.342 2402.45 1900.98
0.343 2416.49 1910.64
0.344 2430.59 1920.33
0.345 2444.72 1930.02
0.346 2458.89 1939.74
0.347 2473.1 1949.46
0.348 2487.36 1959.21
0.349 2501.65 1968.96
0.35 2515.99 1978.74
0.351 2530.36 1988.53
0.352 2544.78 1998.33
0.353 2559.24 2008.15
0.354 2573.74 2017.98
0.355 2588.28 2027.83
0.356 2602.86 2037.69
0.357 2617.49 2047.56
0.358 2632.15 2057.45
0.359 2646.86 2067.36
0.36 2661.6 2077.28
0.361 2676.39 2087.21
0.362 2691.22 2097.16
0.363 2706.09 2107.12
0.364 2720.99 2117.09
0.365 2735.95 2127.08
0.366 2750.94 2137.08
0.367 2765.97 2147.1
0.368 2781.04 2157.13
0.369 2796.16 2167.17
0.37 2811.31 2177.23
0.371 2826.51 2187.3
0.372 2841.75 2197.38
0.373 2857.02 2207.48
0.374 2872.34 2217.59
0.375 2887.7 2227.72
0.376 2903.11 2237.85
0.377 2918.55 2248
0.378 2934.03 2258.16
0.379 2949.55 2268.34
0.38 2965.12 2278.53
0.381 2980.73 2288.73
0.382 2996.37 2298.94
0.383 3012.06 2309.17
0.384 3027.79 2319.4
0.385 3043.56 2329.65
0.386 3059.37 2339.92
0.387 3075.22 2350.19
0.388 3091.11 2360.48
0.389 3107.05 2370.78
0.39 3123.02 2381.09
0.391 3139.04 2391.41
0.392 3155.09 2401.75
0.393 3171.19 2412.1
0.394 3187.33 2422.45
0.395 3203.51 2432.82
0.396 3219.73 2443.21
0.397 3235.99 2453.6
0.398 3252.29 2464
0.399 3268.64 2474.42
0.4 3285.02 2484.85
0.401 3301.45 2495.29
0.402 3317.91 2505.74
0.403 3334.42 2516.2
0.404 3350.97 2526.67
0.405 3367.56 2537.15
0.406 3384.19 2547.64
0.407 3400.86 2558.15
0.408 3417.57 2568.66
0.409 3434.32 2579.19
0.41 3451.12 2589.72
0.411 3467.95 2600.27
0.412 3484.83 2610.83
0.413 3501.74 2621.39
0.414 3518.7 2631.97
0.415 3535.7 2642.56
0.416 3552.74 2653.15
0.417 3569.82 2663.76
0.418 3586.94 2674.38
0.419 3604.1 2685.01
0.42 3621.31 2695.64
0.421 3638.55 2706.29
0.422 3655.84 2716.95
0.423 3673.16 2727.61
0.424 3690.53 2738.29
0.425 3707.94 2748.97
0.426 3725.39 2759.67
0.427 3742.88 2770.37
0.428 3760.41 2781.08
0.429 3777.98 2791.8
0.43 3795.59 2802.53
0.431 3813.25 2813.27
0.432 3830.94 2824.02
0.433 3848.68 2834.78
0.434 3866.45 2845.54
0.435 3884.27 2856.32
0.436 3902.13 2867.1
0.437 3920.03 2877.89
0.438 3937.97 2888.69
0.439 3955.95 2899.5
0.44 3973.98 2910.32
0.441 3992.04 2921.14
0.442 4010.14 2931.98
0.443 4028.29 2942.82
0.444 4046.48 2953.67
0.445 4064.7 2964.52
0.446 4082.97 2975.39
0.447 4101.28 2986.26
0.448 4119.63 2997.14
0.449 4138.02 3008.03
0.45 4156.45 3018.93
0.451 4174.93 3029.83
0.452 4193.44 3040.74
0.453 4212 3051.66
0.454 4230.59 3062.58
0.455 4249.23 3073.51
0.456 4267.91 3084.45
0.457 4286.63 3095.4
0.458 4305.39 3106.35
0.459 4324.19 3117.31
0.46 4343.03 3128.28
0.461 4361.91 3139.25
0.462 4380.84 3150.23
0.463 4399.8 3161.22
0.464 4418.81 3172.21
0.465 4437.85 3183.21
0.466 4456.94 3194.22
0.467 4476.07 3205.23
0.468 4495.24 3216.25
0.469 4514.45 3227.28
0.47 4533.7 3238.31
0.471 4552.99 3249.34
0.472 4572.33 3260.39
0.473 4591.7 3271.44
0.474 4611.12 3282.49
0.475 4630.57 3293.55
0.476 4650.07 3304.62
0.477 4669.61 3315.69
0.478 4689.19 3326.76
0.479 4708.81 3337.84
0.48 4728.47 3348.93
0.481 4748.17 3360.02
0.482 4767.91 3371.12
0.483 4787.7 3382.22
0.484 4807.52 3393.33
0.485 4827.39 3404.45
0.486 4847.29 3415.56
0.487 4867.24 3426.69
0.488 4887.23 3437.81
0.489 4907.26 3448.94
0.49 4927.33 3460.08
0.491 4947.44 3471.22
0.492 4967.59 3482.37
0.493 4987.79 3493.52
0.494 5008.02 3504.67
0.495 5028.3 3515.83
0.496 5048.61 3526.99
0.497 5068.97 3538.16
0.498 5089.37 3549.33
0.499 5109.81 3560.5
0.5 5130.29 3571.68
0.501 5150.81 3582.86
0.502 5171.37 3594.05
0.503 5191.98 3605.23
0.504 5212.62 3616.43
0.505 5233.31 3627.62
0.506 5254.03 3638.82
0.507 5274.8 3650.02
0.508 5295.61 3661.23
0.509 5316.45 3672.44
0.51 5337.34 3683.65
0.511 5358.28 3694.87
0.512 5379.25 3706.08
0.513 5400.26 3717.31
0.514 5421.31 3728.53
0.515 5442.41 3739.76
0.516 5463.54 3750.98
0.517 5484.72 3762.22
0.518 5505.94 3773.45
0.519 5527.2 3784.69
0.52 5548.5 3795.93
0.521 5569.84 3807.17
0.522 5591.22 3818.41
0.523 5612.64 3829.66
0.524 5634.1 3840.9
0.525 5655.61 3852.15
0.526 5677.15 3863.4
0.527 5698.74 3874.66
0.528 5720.37 3885.91
0.529 5742.03 3897.17
0.53 5763.74 3908.43
0.531 5785.49 3919.69
0.532 5807.28 3930.95
0.533 5829.12 3942.21
0.534 5850.99 3953.47
0.535 5872.9 3964.74
0.536 5894.86 3976
0.537 5916.85 3987.27
0.538 5938.89 3998.54
0.539 5960.97 4009.81
0.54 5983.09 4021.08
0.541 6005.25 4032.35
0.542 6027.45 4043.62
0.543 6049.69 4054.89
0.544 6071.97 4066.16
0.545 6094.29 4077.44
0.546 6116.66 4088.71
0.547 6139.06 4099.98
0.548 6161.51 4111.26
0.549 6184 4122.53
0.55 6206.53 4133.81
0.551 6229.1 4145.08
0.552 6251.71 4156.36
0.553 6274.36 4167.63
0.554 6297.05 4178.9
0.555 6319.78 4190.18
0.556 6342.56 4201.45
0.557 6365.37 4212.72
0.558 6388.23 4224
0.559 6411.12 4235.27
0.56 6434.06 4246.54
0.561 6457.04 4257.81
0.562 6480.06 4269.08
0.563 6503.12 4280.35
0.564 6526.22 4291.62
0.565 6549.36 4302.88
0.566 6572.55 4314.15
0.567 6595.77 4325.42
0.568 6619.04 4336.68
0.569 6642.35 4347.94
0.57 6665.69 4359.2
0.571 6689.08 4370.46
0.572 6712.51 4381.72
0.573 6735.98 4392.98
0.574 6759.49 4404.23
0.575 6783.04 4415.48
0.576 6806.64 4426.73
0.577 6830.27 4437.98
0.578 6853.95 4449.23
0.579 6877.66 4460.48
0.58 6901.42 4471.72
0.581 6925.22 4482.96
0.582 6949.06 4494.2
0.583 6972.94 4505.43
0.584 6996.86 4516.67
0.585 7020.82 4527.9
0.586 7044.82 4539.13
0.587 7068.87 4550.35
0.588 7092.95 4561.58
0.589 7117.08 4572.8
0.59 7141.24 4584.01
0.591 7165.45 4595.23
0.592 7189.7 4606.44
0.593 7213.99 4617.65
0.594 7238.32 4628.85
0.595 7262.69 4640.06
0.596 7287.1 4651.26
0.597 7311.56 4662.45
0.598 7336.05 4673.64
0.599 7360.59 4684.83
0.6 7385.16 4696.02
0.601 7409.78 4707.2
0.602 7434.44 4718.37
0.603 7459.14 4729.55
0.604 7483.88 4740.72
0.605 7508.66 4751.88
0.606 7533.48 4763.05
0.607 7558.34 4774.2
0.608 7583.25 4785.36
0.609 7608.19 4796.51
0.61 7633.18 4807.65
0.611 7658.21 4818.79
0.612 7683.27 4829.93
0.613 7708.38 4841.06
0.614 7733.53 4852.18
0.615 7758.72 4863.3
0.616 7783.95 4874.42
0.617 7809.23 4885.53
0.618 7834.54 4896.64
0.619 7859.9 4907.74
0.62 7885.29 4918.84
0.621 7910.73 4929.93
0.622 7936.2 4941.02
0.623 7961.72 4952.1
0.624 7987.28 4963.18
0.625 8012.88 4974.25
0.626 8038.52 4985.31
0.627 8064.21 4996.37
0.628 8089.93 5007.42
0.629 8115.69 5018.47
0.63 8141.5 5029.51
0.631 8167.34 5040.55
0.632 8193.23 5051.58
0.633 8219.16 5062.6
0.634 8245.13 5073.62
0.635 8271.14 5084.63
0.636 8297.19 5095.64
0.637 8323.28 5106.64
0.638 8349.41 5117.63
0.639 8375.59 5128.62
0.64 8401.8 5139.59
0.641 8428.06 5150.57
0.642 8454.35 5161.53
0.643 8480.69 5172.49
0.644 8507.07 5183.44
0.645 8533.49 5194.39
0.646 8559.95 5205.33
0.647 8586.45 5216.26
0.648 8612.99 5227.18
0.649 8639.58 5238.1
0.65 8666.2 5249.01
0.651 8692.87 5259.91
0.652 8719.57 5270.81
0.653 8746.32 5281.69
0.654 8773.11 5292.57
0.655 8799.94 5303.44
0.656 8826.81 5314.31
0.657 8853.72 5325.16
0.658 8880.67 5336.01
0.659 8907.66 5346.85
0.66 8934.7 5357.68
0.661 8961.77 5368.51
0.662 8988.89 5379.32
0.663 9016.05 5390.13
0.664 9043.24 5400.93
0.665 9070.48 5411.72
0.666 9097.76 5422.5
0.667 9125.08 5433.28
0.668 9152.44 5444.04
0.669 9179.85 5454.8
0.67 9207.29 5465.54
0.671 9234.77 5476.28
0.672 9262.3 5487.01
0.673 9289.87 5497.73
0.674 9317.47 5508.44
0.675 9345.12 5519.15
0.676 9372.81 5529.84
0.677 9400.54 5540.52
0.678 9428.31 5551.2
0.679 9456.12 5561.86
0.68 9483.98 5572.51
0.681 9511.87 5583.16
0.682 9539.81 5593.8
0.683 9567.78 5604.42
0.684 9595.8 5615.04
0.685 9623.86 5625.64
0.686 9651.96 5636.24
0.687 9680.1 5646.83
0.688 9708.28 5657.4
0.689 9736.5 5667.97
0.69 9764.76 5678.52
0.691 9793.07 5689.07
0.692 9821.41 5699.6
0.693 9849.8 5710.12
0.694 9878.22 5720.64
0.695 9906.69 5731.14
0.696 9935.2 5741.63
0.697 9963.75 5752.11
0.698 9992.34 5762.58
0.699 10021 5773.04
0.7 10049.6 5783.49
0.701 10078.4 5793.93
0.702 10107.1 5804.35
0.703 10135.9 5814.77
0.704 10164.7 5825.17
0.705 10193.6 5835.56
0.706 10222.5 5845.94
0.707 10251.5 5856.31
0.708 10280.5 5866.67
0.709 10309.5 5877.01
0.71 10338.6 5887.35
0.711 10367.7 5897.67
0.712 10396.9 5907.98
0.713 10426.1 5918.28
0.714 10455.4 5928.56
0.715 10484.6 5938.84
0.716 10514 5949.1
0.717 10543.3 5959.35
0.718 10572.7 5969.58
0.719 10602.2 5979.81
0.72 10631.7 5990.02
0.721 10661.2 6000.22
0.722 10690.8 6010.4
0.723 10720.4 6020.58
0.724 10750.1 6030.74
0.725 10779.8 6040.88
0.726 10809.5 6051.02
0.727 10839.3 6061.14
0.728 10869.1 6071.25
0.729 10899 6081.34
0.73 10928.9 6091.43
0.731 10958.8 6101.5
0.732 10988.8 6111.55
0.733 11018.8 6121.59
0.734 11048.9 6131.62
0.735 11079 6141.64
0.736 11109.1 6151.64
0.737 11139.3 6161.62
0.738 11169.5 6171.6
0.739 11199.8 6181.56
0.74 11230.1 6191.5
0.741 11260.5 6201.43
0.742 11290.9 6211.35
0.743 11321.3 6221.25
0.744 11351.8 6231.14
0.745 11382.3 6241.01
0.746 11412.8 6250.87
0.747 11443.4 6260.72
0.748 11474.1 6270.55
0.749 11504.8 6280.36
0.75 11535.5 6290.16
0.751 11566.2 6299.95
0.752 11597 6309.72
0.753 11627.9 6319.48
0.754 11658.8 6329.22
0.755 11689.7 6338.94
0.756 11720.7 6348.65
0.757 11751.7 6358.35
0.758 11782.7 6368.03
0.759 11813.8 6377.69
0.76 11844.9 6387.34
0.761 11876.1 6396.98
0.762 11907.3 6406.59
0.763 11938.6 6416.2
0.764 11969.9 6425.78
0.765 12001.2 6435.35
0.766 12032.6 6444.91
0.767 12064 6454.45
0.768 12095.5 6463.97
0.769 12127 6473.47
0.77 12158.5 6482.96
0.771 12190.1 6492.44
0.772 12221.7 6501.9
0.773 12253.4 6511.34
0.774 12285.1 6520.76
0.775 12316.8 6530.17
0.776 12348.6 6539.56
0.777 12380.4 6548.93
0.778 12412.3 6558.29
0.779 12444.2 6567.63
0.78 12476.1 6576.95
0.781 12508.1 6586.26
0.782 12540.2 6595.55
0.783 12572.2 6604.82
0.784 12604.3 6614.07
0.785 12636.5 6623.31
0.786 12668.7 6632.53
0.787 12700.9 6641.73
0.788 12733.2 6650.92
0.789 12765.5 6660.08
0.79 12797.9 6669.23
0.791 12830.3 6678.36
0.792 12862.7 6687.48
0.793 12895.2 6696.57
0.794 12927.7 6705.65
0.795 12960.3 6714.71
0.796 12992.9 6723.75
0.797 13025.5 6732.77
0.798 13058.2 6741.78
0.799 13091 6750.76
0.8 13123.7 6759.73
0.801 13156.5 6768.68
0.802 13189.4 6777.61
0.803 13222.3 6786.52
0.804 13255.2 6795.42
0.805 13288.2 6804.29
0.806 13321.2 6813.15
0.807 13354.3 6821.98
0.808 13387.3 6830.8
0.809 13420.5 6839.6
0.81 13453.7 6848.38
0.811 13486.9 6857.13
0.812 13520.1 6865.87
0.813 13553.4 6874.6
0.814 13586.8 6883.3
0.815 13620.2 6891.98
0.816 13653.6 6900.64
0.817 13687.1 6909.28
0.818 13720.6 6917.9
0.819 13754.1 6926.51
0.82 13787.7 6935.09
0.821 13821.3 6943.65
0.822 13855 6952.19
0.823 13888.7 6960.71
0.824 13922.5 6969.22
0.825 13956.2 6977.7
0.826 13990.1 6986.16
0.827 14024 6994.6
0.828 14057.9 7003.02
0.829 14091.8 7011.42
0.83 14125.8 7019.8
0.831 14159.9 7028.15
0.832 14193.9 7036.49
0.833 14228.1 7044.81
0.834 14262.2 7053.1
0.835 14296.4 7061.37
0.836 14330.7 7069.63
0.837 14364.9 7077.86
0.838 14399.3 7086.07
0.839 14433.6 7094.26
0.84 14468 7102.42
0.841 14502.5 7110.57
0.842 14537 7118.69
0.843 14571.5 7126.8
0.844 14606.1 7134.88
0.845 14640.7 7142.94
0.846 14675.3 7150.97
0.847 14710 7158.99
0.848 14744.8 7166.98
0.849 14779.6 7174.95
0.85 14814.4 7182.9
0.851 14849.2 7190.83
0.852 14884.1 7198.73
0.853 14919.1 7206.61
0.854 14954 7214.47
0.855 14989.1 7222.31
0.856 15024.1 7230.12
0.857 15059.2 7237.91
0.858 15094.4 7245.68
0.859 15129.6 7253.42
0.86 15164.8 7261.15
0.861 15200.1 7268.85
0.862 15235.4 7276.52
0.863 15270.7 7284.18
0.864 15306.1 7291.81
0.865 15341.5 7299.41
0.866 15377 7307
0.867 15412.5 7314.55
0.868 15448.1 7322.09
0.869 15483.7 7329.6
0.87 15519.3 7337.09
0.871 15555 7344.56
0.872 15590.7 7352
0.873 15626.5 7359.42
0.874 15662.2 7366.81
0.875 15698.1 7374.18
0.876 15734 7381.52
0.877 15769.9 7388.84
0.878 15805.9 7396.14
0.879 15841.9 7403.41
0.88 15877.9 7410.66
0.881 15914 7417.88
0.882 15950.1 7425.08
0.883 15986.3 7432.26
0.884 16022.5 7439.41
0.885 16058.7 7446.53
0.886 16095 7453.63
0.887 16131.4 7460.7
0.888 16167.7 7467.75
0.889 16204.2 7474.78
0.89 16240.6 7481.78
0.891 16277.1 7488.75
0.892 16313.6 7495.7
0.893 16350.2 7502.62
0.894 16386.8 7509.52
0.895 16423.5 7516.39
0.896 16460.2 7523.24
0.897 16496.9 7530.06
0.898 16533.7 7536.86
0.899 16570.5 7543.63
0.9 16607.4 7550.37
0.901 16644.3 7557.09
0.902 16681.3 7563.78
0.903 16718.3 7570.44
0.904 16755.3 7577.08
0.905 16792.3 7583.7
0.906 16829.5 7590.28
0.907 16866.6 7596.84
0.908 16903.8 7603.38
0.909 16941 7609.88
0.91 16978.3 7616.36
0.911 17015.6 7622.82
0.912 17053 7629.24
0.913 17090.4 7635.64
0.914 17127.8 7642.02
0.915 17165.3 7648.36
0.916 17202.8 7654.68
0.917 17240.4 7660.97
0.918 17278 7667.23
0.919 17315.6 7673.47
0.92 17353.3 7679.68
0.921 17391 7685.86
0.922 17428.8 7692.02
0.923 17466.6 7698.14
0.924 17504.4 7704.24
0.925 17542.3 7710.31
0.926 17580.3 7716.36
0.927 17618.2 7722.37
0.928 17656.2 7728.36
0.929 17694.3 7734.32
0.93 17732.4 7740.25
0.931 17770.5 7746.15
0.932 17808.7 7752.03
0.933 17846.9 7757.87
0.934 17885.2 7763.69
0.935 17923.5 7769.48
0.936 17961.8 7775.24
0.937 18000.2 7780.97
0.938 18038.6 7786.68
0.939 18077.1 7792.35
0.94 18115.6 7798
0.941 18154.1 7803.61
0.942 18192.7 7809.2
0.943 18231.3 7814.76
0.944 18270 7820.29
0.945 18308.7 7825.79
0.946 18347.5 7831.26
0.947 18386.2 7836.7
0.948 18425.1 7842.11
0.949 18463.9 7847.5
0.95 18502.9 7852.85
0.951 18541.8 7858.17
0.952 18580.8 7863.46
0.953 18619.8 7868.73
0.954 18658.9 7873.96
0.955 18698 7879.16
0.956 18737.2 7884.34
0.957 18776.4 7889.48
0.958 18815.6 7894.59
0.959 18854.9 7899.67
0.96 18894.2 7904.73
0.961 18933.6 7909.75
0.962 18973 7914.74
0.963 19012.4 7919.7
0.964 19051.9 7924.63
0.965 19091.5 7929.53
0.966 19131 7934.4
0.967 19170.6 7939.23
0.968 19210.3 7944.04
0.969 19250 7948.81
0.97 19289.7 7953.56
0.971 19329.5 7958.27
0.972 19369.3 7962.95
0.973 19409.1 7967.6
0.974 19449 7972.22
0.975 19489 7976.81
0.976 19529 7981.36
0.977 19569 7985.89
0.978 19609 7990.38
0.979 19649.1 7994.84
0.98 19689.3 7999.27
0.981 19729.5 8003.67
0.982 19769.7 8008.03
0.983 19809.9 8012.36
0.984 19850.3 8016.66
0.985 19890.6 8020.93
0.986 19931 8025.17
0.987 19971.4 8029.37
0.988 20011.9 8033.54
0.989 20052.4 8037.68
0.99 20092.9 8041.79
0.991 20133.5 8045.86
0.992 20174.2 8049.9
0.993 20214.8 8053.91
0.994 20255.6 8057.88
0.995 20296.3 8061.82
0.996 20337.1 8065.73
0.997 20377.9 8069.61
0.998 20418.8 8073.45
0.999 20459.7 8077.26
1 20500.7 8081.04
1.001 20541.7 8084.78
1.002 20582.7 8088.49
1.003 20623.8 8092.16
1.004 20665 8095.8
1.005 20706.1 8099.41
1.006 20747.3 8102.98
1.007 20788.6 8106.52
1.008 20829.9 8110.03
1.009 20871.2 8113.5
1.01 20912.6 8116.94
1.011 20954 8120.34
1.012 20995.4 8123.71
1.013 21036.9 8127.05
1.014 21078.5 8130.35
1.015 21120 8133.62
1.016 21161.6 8136.85
1.017 21203.3 8140.04
1.018 21245 8143.21
1.019 21286.7 8146.33
1.02 21328.5 8149.43
1.021 21370.3 8152.48
1.022 21412.2 8155.51
1.023 21454.1 8158.5
1.024 21496 8161.45
1.025 21538 8164.37
1.026 21580.1 8167.25
1.027 21622.1 8170.09
1.028 21664.2 8172.91
1.029 21706.4 8175.68
1.03 21748.6 8178.42
1.031 21790.8 8181.13
1.032 21833.1 8183.8
1.033 21875.4 8186.43
1.034 21917.7 8189.03
1.035 21960.1 8191.59
1.036 22002.6 8194.11
1.037 22045 8196.6
1.038 22087.6 8199.05
1.039 22130.1 8201.47
1.04 22172.7 8203.85
1.041 22215.4 8206.19
1.042 22258 8208.5
1.043 22300.8 8210.77
1.044 22343.5 8213.01
1.045 22386.3 8215.2
1.046 22429.2 8217.36
1.047 22472.1 8219.49
1.048 22515 8221.57
1.049 22557.9 8223.62
1.05 22601 8225.64
1.051 22644 8227.61
1.052 22687.1 8229.55
1.053 22730.2 8231.45
1.054 22773.4 8233.32
1.055 22816.6 8235.14
1.056 22859.9 8236.93
1.057 22903.2 8238.68
1.058 22946.5 8240.4
1.059 22989.9 8242.07
1.06 23033.3 8243.71
1.061 23076.7 8245.31
1.062 23120.2 8246.87
1.063 23163.8 8248.4
1.064 23207.4 8249.88
1.065 23251 8251.33
1.066 23294.7 8252.74
1.067 23338.4 8254.11
1.068 23382.1 8255.44
1.069 23425.9 8256.74
1.07 23469.7 8257.99
1.071 23513.6 8259.21
1.072 23557.5 8260.39
1.073 23601.5 8261.53
1.074 23645.4 8262.63
1.075 23689.5 8263.69
1.076 23733.6 8264.71
1.077 23777.7 8265.69
1.078 23821.8 8266.64
1.079 23866 8267.54
1.08 23910.3 8268.41
1.081 23954.5 8269.24
1.082 23998.9 8270.02
1.083 24043.2 8270.77
1.084 24087.6 8271.48
1.085 24132.1 8272.15
1.086 24176.5 8272.78
1.087 24221.1 8273.36
1.088 24265.6 8273.91
1.089 24310.2 8274.42
1.09 24354.9 8274.89
1.091 24399.6 8275.32
1.092 24444.3 8275.71
1.093 24489.1 8276.05
1.094 24533.9 8276.36
1.095 24578.7 8276.63
1.096 24623.6 8276.86
1.097 24668.6 8277.04
1.098 24713.5 8277.19
1.099 24758.5 8277.29
1.1 24803.6 8277.36
1.101 24848.7 8277.38
1.102 24893.8 8277.36
1.103 24939 8277.3
1.104 24984.2 8277.2
1.105 25029.5 8277.06
1.106 25074.8 8276.88
1.107 25120.1 8276.66
1.108 25165.5 8276.39
1.109 25211 8276.09
1.11 25256.4 8275.74
1.111 25301.9 8275.35
1.112 25347.5 8274.92
1.113 25393.1 8274.44
1.114 25438.7 8273.93
1.115 25484.4 8273.37
1.116 25530.1 8272.77
1.117 25575.8 8272.13
1.118 25621.6 8271.45
1.119 25667.5 8270.72
1.12 25713.3 8269.96
1.121 25759.3 8269.15
1.122 25805.2 8268.29
1.123 25851.2 8267.4
1.124 25897.2 8266.46
1.125 25943.3 8265.48
1.126 25989.4 8264.46
1.127 26035.6 8263.39
1.128 26081.8 8262.28
1.129 26128.1 8261.13
1.13 26174.3 8259.94
1.131 26220.7 8258.7
1.132 26267 8257.42
1.133 26313.4 8256.1
1.134 26359.9 8254.73
1.135 26406.4 8253.32
1.136 26452.9 8251.86
1.137 26499.5 8250.37
1.138 26546.1 8248.82
1.139 26592.8 8247.24
1.14 26639.5 8245.61
1.141 26686.2 8243.94
1.142 26733 8242.22
1.143 26779.8 8240.46
1.144 26826.6 8238.66
1.145 26873.5 8236.81
1.146 26920.5 8234.91
1.147 26967.5 8232.98
1.148 27014.5 8231
1.149 27061.5 8228.97
1.15 27108.7 8226.9
1.151 27155.8 8224.78
1.152 27203 8222.62
1.153 27250.2 8220.42
1.154 27297.5 8218.17
1.155 27344.8 8215.88
1.156 27392.1 8213.54
1.157 27439.5 8211.15
1.158 27487 8208.72
1.159 27534.4 8206.25
1.16 27582 8203.73
1.161 27629.5 8201.16
1.162 27677.1 8198.55
1.163 27724.7 8195.9
1.164 27772.4 8193.19
1.165 27820.1 8190.45
1.166 27867.9 8187.65
1.167 27915.7 8184.81
1.168 27963.5 8181.93
1.169 28011.4 8179
1.17 28059.3 8176.02
1.171 28107.3 8173
1.172 28155.3 8169.93
1.173 28203.4 8166.82
1.174 28251.4 8163.66
1.175 28299.6 8160.45
1.176 28347.7 8157.19
1.177 28396 8153.89
1.178 28444.2 8150.55
1.179 28492.5 8147.15
1.18 28540.8 8143.71
1.181 28589.2 8140.22
1.182 28637.6 8136.69
1.183 28686.1 8133.11
1.184 28734.6 8129.48
1.185 28783.1 8125.8
1.186 28831.7 8122.08
1.187 28880.3 8118.31
1.188 28929 8114.49
1.189 28977.7 8110.63
1.19 29026.4 8106.72
1.191 29075.2 8102.76
1.192 29124 8098.75
1.193 29172.9 8094.69
1.194 29221.8 8090.59
1.195 29270.8 8086.44
1.196 29319.7 8082.24
1.197 29368.8 8077.99
1.198 29417.8 8073.7
1.199 29467 8069.36
1.2 29516.1 8064.97
1.201 29565.3 8060.53
1.202 29614.5 8056.04
1.203 29663.8 8051.5
1.204 29713.1 8046.92
1.205 29762.5 8042.28
1.206 29811.9 8037.6
1.207 29861.3 8032.87
1.208 29910.8 8028.09
1.209 29960.3 8023.26
1.21 30009.9 8018.38
1.211 30059.5 8013.46
1.212 30109.1 8008.48
1.213 30158.8 8003.46
1.214 30208.5 7998.38
1.215 30258.3 7993.26
1.216 30308.1 7988.09
1.217 30358 7982.86
1.218 30407.9 7977.59
1.219 30457.8 7972.27
1.22 30507.8 7966.9
1.221 30557.8 7961.48
1.222 30607.8 7956
1.223 30657.9 7950.48
1.224 30708.1 7944.91
1.225 30758.2 7939.29
1.226 30808.4 7933.62
1.227 30858.7 7927.9
1.228 30909 7922.13
1.229 30959.3 7916.3
1.23 31009.7 7910.43
1.231 31060.1 7904.51
1.232 31110.6 7898.53
1.233 31161.1 7892.51
1.234 31211.7 7886.43
1.235 31262.2 7880.31
1.236 31312.9 7874.13
1.237 31363.5 7867.9
1.238 31414.3 7861.62
1.239 31465 7855.29
1.24 31515.8 7848.91
1.241 31566.6 7842.48
1.242 31617.5 7835.99
1.243 31668.4 7829.46
1.244 31719.4 7822.87
1.245 31770.4 7816.23
1.246 31821.4 7809.54
1.247 31872.5 7802.8
1.248 31923.6 7796.01
1.249 31974.8 7789.16
1.25 32026 7782.26
1.251 32077.2 7775.31
1.252 32128.5 7768.31
1.253 32179.8 7761.26
1.254 32231.2 7754.15
1.255 32282.6 7746.99
1.256 32334 7739.78
1.257 32385.5 7732.52
1.258 32437 7725.2
1.259 32488.6 7717.83
1.26 32540.2 7710.41
1.261 32591.9 7702.94
1.262 32643.6 7695.41
1.263 32695.3 7687.83
1.264 32747.1 7680.2
1.265 32798.9 7672.51
1.266 32850.7 7664.77
1.267 32902.6 7656.98
1.268 32954.6 7649.13
1.269 33006.5 7641.23
1.27 33058.6 7633.28
1.271 33110.6 7625.28
1.272 33162.7 7617.22
1.273 33214.9 7609.1
1.274 33267.1 7600.94
1.275 33319.3 7592.72
1.276 33371.5 7584.44
1.277 33423.9 7576.11
1.278 33476.2 7567.73
1.279 33528.6 7559.29
1.28 33581 7550.8
1.281 33633.5 7542.26
1.282 33686 7533.66
1.283 33738.6 7525
1.284 33791.1 7516.3
1.285 33843.8 7507.53
1.286 33896.5 7498.71
1.287 33949.2 7489.84
1.288 34001.9 7480.92
1.289 34054.7 7471.93
1.29 34107.6 7462.9
1.291 34160.4 7453.8
1.292 34213.4 7444.66
1.293 34266.3 7435.46
1.294 34319.3 7426.2
1.295 34372.4 7416.89
1.296 34425.5 7407.52
1.297 34478.6 7398.09
1.298 34531.8 7388.62
1.299 34585 7379.08
1.3 34638.2 7369.49
1.301 34691.5 7359.84
1.302 34744.8 7350.14
1.303 34798.2 7340.39
1.304 34851.6 7330.57
1.305 34905.1 7320.7
1.306 34958.6 7310.78
1.307 35012.1 7300.79
1.308 35065.7 7290.76
1.309 35119.3 7280.66
1.31 35172.9 7270.51
1.311 35226.6 7260.3
1.312 35280.4 7250.04
1.313 35334.2 7239.72
1.314 35388 7229.34
1.315 35441.9 7218.91
1.316 35495.8 7208.42
1.317 35549.7 7197.87
1.318 35603.7 7187.26
1.319 35657.7 7176.6
1.32 35711.8 7165.88
1.321 35765.9 7155.1
1.322 35820 7144.27
1.323 35874.2 7133.38
1.324 35928.5 7122.43
1.325 35982.7 7111.43
1.326 36037.1 7100.36
1.327 36091.4 7089.24
1.328 36145.8 7078.06
1.329 36200.2 7066.82
1.33 36254.7 7055.53
1.331 36309.2 7044.18
1.332 36363.8 7032.76
1.333 36418.4 7021.3
1.334 36473 7009.77
1.335 36527.7 6998.18
1.336 36582.4 6986.54
1.337 36637.2 6974.84
1.338 36692 6963.08
1.339 36746.9 6951.26
1.34 36801.7 6939.38
1.341 36856.7 6927.44
1.342 36911.6 6915.45
1.343 36966.6 6903.39
1.344 37021.7 6891.28
1.345 37076.8 6879.11
1.346 37131.9 6866.87
1.347 37187.1 6854.58
1.348 37242.3 6842.23
1.349 37297.6 6829.83
1.35 37352.9 6817.36
1.351 37408.2 6804.83
1.352 37463.6 6792.24
1.353 37519 6779.59
1.354 37574.5 6766.89
1.355 37630 6754.12
1.356 37685.5 6741.29
1.357 37741.1 6728.41
1.358 37796.7 6715.46
1.359 37852.4 6702.45
1.36 37908.1 6689.39
1.361 37963.8 6676.26
1.362 38019.6 6663.07
1.363 38075.4 6649.83
1.364 38131.3 6636.52
1.365 38187.2 6623.15
1.366 38243.2 6609.72
1.367 38299.2 6596.23
1.368 38355.2 6582.68
1.369 38411.3 6569.07
1.37 38467.4 6555.4
1.371 38523.6 6541.67
1.372 38579.8 6527.87
1.373 38636 6514.02
1.374 38692.3 6500.1
1.375 38748.6 6486.12
1.376 38805 6472.08
1.377 38861.4 6457.98
1.378 38917.8 6443.82
1.379 38974.3 6429.6
1.38 39030.8 6415.31
1.381 39087.4 6400.97
1.382 39144 6386.56
1.383 39200.6 6372.09
1.384 39257.3 6357.56
1.385 39314.1 6342.96
1.386 39370.8 6328.31
1.387 39427.6 6313.59
1.388 39484.5 6298.81
1.389 39541.4 6283.97
1.39 39598.3 6269.06
1.391 39655.3 6254.09
1.392 39712.3 6239.06
1.393 39769.4 6223.97
1.394 39826.5 6208.81
1.395 39883.6 6193.6
1.396 39940.8 6178.32
1.397 39998 6162.97
1.398 40055.3 6147.57
1.399 40112.6 6132.1
1.4 40169.9 6116.56
1.401 40227.3 6100.97
1.402 40284.7 6085.31
1.403 40342.2 6069.58
1.404 40399.7 6053.8
1.405 40457.3 6037.95
1.406 40514.8 6022.04
1.407 40572.5 6006.06
1.408 40630.2 5990.02
1.409 40687.9 5973.91
1.41 40745.6 5957.75
1.411 40803.4 5941.51
1.412 40861.3 5925.22
1.413 40919.1 5908.86
1.414 40977 5892.43
1.415 41035 5875.95
1.416 41093 5859.39
1.417 41151 5842.78
1.418 41209.1 5826.09
1.419 41267.3 5809.35
1.42 41325.4 5792.54
1.421 41383.6 5775.66
1.422 41441.9 5758.72
1.423 41500.2 5741.72
1.424 41558.5 5724.65
1.425 41616.8 5707.51
1.426 41675.3 5690.31
1.427 41733.7 5673.05
1.428 41792.2 5655.72
1.429 41850.7 5638.32
1.43 41909.3 5620.86
1.431 41967.9 5603.34
1.432 42026.6 5585.74
1.433 42085.3 5568.09
1.434 42144 5550.37
1.435 42202.8 5532.58
1.436 42261.6 5514.72
1.437 42320.5 5496.8
1.438 42379.4 5478.82
1.439 42438.3 5460.76
1.44 42497.3 5442.65
1.441 42556.3 5424.46
1.442 42615.4 5406.21
1.443 42674.5 5387.89
1.444 42733.6 5369.51
1.445 42792.8 5351.06
1.446 42852.1 5332.54
1.447 42911.3 5313.96
1.448 42970.6 5295.31
1.449 43030 5276.6
1.45 43089.4 5257.81
1.451 43148.8 5238.96
1.452 43208.3 5220.05
1.453 43267.8 5201.06
1.454 43327.4 5182.01
1.455 43387 5162.89
1.456 43446.6 5143.71
1.457 43506.3 5124.45
1.458 43566 5105.13
1.459 43625.8 5085.75
1.46 43685.6 5066.29
1.461 43745.4 5046.77
1.462 43805.3 5027.18
1.463 43865.2 5007.52
1.464 43925.2 4987.79
1.465 43985.2 4968
1.466 44045.2 4948.13
1.467 44105.3 4928.2
1.468 44165.5 4908.21
1.469 44225.6 4888.14
1.47 44285.8 4868
1.471 44346.1 4847.8
1.472 44406.4 4827.53
1.473 44466.7 4807.19
1.474 44527.1 4786.78
1.475 44587.5 4766.3
1.476 44648 4745.75
1.477 44708.5 4725.14
1.478 44769 4704.45
1.479 44829.6 4683.7
1.48 44890.2 4662.88
1.481 44950.9 4641.99
1.482 45011.6 4621.02
1.483 45072.3 4599.99
1.484 45133.1 4578.9
1.485 45193.9 4557.73
1.486 45254.8 4536.49
1.487 45315.7 4515.18
1.488 45376.7 4493.8
1.489 45437.6 4472.36
1.49 45498.7 4450.84
1.491 45559.7 4429.25
1.492 45620.9 4407.59
1.493 45682 4385.87
1.494 45743.2 4364.07
1.495 45804.4 4342.2
1.496 45865.7 4320.27
1.497 45927 4298.26
1.498 45988.4 4276.18
1.499 46049.8 4254.03
1.5 46111.2 4231.81
1.501 46172.7 4209.52
1.502 46234.2 4187.16
1.503 46295.8 4164.73
1.504 46357.4 4142.23
1.505 46419.1 4119.65
1.506 46480.7 4097.01
1.507 46542.5 4074.3
1.508 46604.2 4051.51
1.509 46666 4028.65
1.51 46727.9 4005.72
1.511 46789.8 3982.72
1.512 46851.7 3959.65
1.513 46913.7 3936.51
1.514 46975.7 3913.29
1.515 47037.8 3890.01
1.516 47099.9 3866.65
1.517 47162 3843.22
1.518 47224.2 3819.72
1.519 47286.4 3796.14
1.52 47348.7 3772.5
1.521 47411 3748.78
1.522 47473.3 3724.99
1.523 47535.7 3701.13
1.524 47598.1 3677.19
1.525 47660.6 3653.19
1.526 47723.1 3629.11
1.527 47785.6 3604.95
1.528 47848.2 3580.73
1.529 47910.8 3556.43
1.53 47973.5 3532.06
1.531 48036.2 3507.62
1.532 48099 3483.1
1.533 48161.8 3458.51
1.534 48224.6 3433.85
1.535 48287.5 3409.12
1.536 48350.4 3384.31
1.537 48413.3 3359.43
1.538 48476.3 3334.47
1.539 48539.4 3309.44
1.54 48602.5 3284.34
1.541 48665.6 3259.17
1.542 48728.7 3233.92
1.543 48791.9 3208.59
1.544 48855.2 3183.2
1.545 48918.5 3157.73
1.546 48981.8 3132.18
1.547 49045.2 3106.56
1.548 49108.6 3080.87
1.549 49172 3055.1
1.55 49235.5 3029.26
1.551 49299 3003.35
1.552 49362.6 2977.36
1.553 49426.2 2951.29
1.554 49489.9 2925.15
1.555 49553.6 2898.94
1.556 49617.3 2872.65
1.557 49681.1 2846.29
1.558 49744.9 2819.85
1.559 49808.7 2793.34
1.56 49872.6 2766.75
1.561 49936.6 2740.08
1.562 50000.6 2713.35
1.563 50064.6 2686.53
1.564 50128.6 2659.64
1.565 50192.7 2632.68
1.566 50256.9 2605.64
1.567 50321.1 2578.53
1.568 50385.3 2551.33
1.569 50449.6 2524.07
1.57 50513.9 2496.73
1.571 50578.2 2469.31
1.572 50642.6 2441.81
1.573 50707 2414.24
1.574 50771.5 2386.6
1.575 50836 2358.88
1.576 50900.6 2331.08
1.577 50965.2 2303.2
1.578 51029.8 2275.25
1.579 51094.5 2247.22
1.58 51159.2 2219.12
1.581 51224 2190.94
1.582 51288.8 2162.68
1.583 51353.6 2134.35
1.584 51418.5 2105.94
1.585 51483.4 2077.45
1.586 51548.4 2048.89
1.587 51613.4 2020.25
1.588 51678.4 1991.53
1.589 51743.5 1962.73
1.59 51808.6 1933.86
1.591 51873.8 1904.91
1.592 51939 1875.88
1.593 52004.3 1846.78
1.594 52069.6 1817.59
1.595 52134.9 1788.33
1.596 52200.3 1759
1.597 52265.7 1729.58
1.598 52331.1 1700.09
1.599 52396.6 1670.52
1.6 52462.2 1640.87
1.601 52527.7 1611.14
1.602 52593.4 1581.33
1.603 52659 1551.45
1.604 52724.7 1521.49
1.605 52790.5 1491.45
1.606 52856.2 1461.33
1.607 52922.1 1431.13
1.608 52987.9 1400.86
1.609 53053.8 1370.5
1.61 53119.8 1340.07
1.611 53185.8 1309.56
1.612 53251.8 1278.97
1.613 53317.9 1248.3
1.614 53384 1217.55
1.615 53450.1 1186.72
1.616 53516.3 1155.81
1.617 53582.5 1124.83
1.618 53648.8 1093.76
1.619 53715.1 1062.61
1.62 53781.5 1031.39
1.621 53847.9 1000.09
1.622 53914.3 968.703
1.623 53980.8 937.239
1.624 54047.3 905.696
1.625 54113.9 874.073
1.626 54180.5 842.37
1.627 54247.1 810.587
1.628 54313.8 778.724
1.629 54380.5 746.781
1.63 54447.3 714.758
1.631 54514.1 682.654
1.632 54581 650.47
1.633 54647.8 618.206
1.634 54714.8 585.861
1.635 54781.7 553.435
1.636 54848.8 520.929
1.637 54915.8 488.342
1.638 54982.9 455.674
1.639 55050 422.926
1.64 55117.2 390.096
1.641 55184.4 357.186
1.642 55251.7 324.194
1.643 55319 291.121
1.644 55386.3 257.967
1.645 55453.7 224.732
1.646 55521.1 191.415
1.647 55588.6 158.016
1.648 55656.1 124.536
1.649 55723.6 90.975
1.65 55791.2 57.3318
1.651 55858.8 23.6068
1.652 55926.5 -10.2001
