0 0 0
0.001 0.0383022 0.0321146
0.002 0.114907 0.102432
0.003 0.229813 0.210879
0.004 0.383022 0.357379
0.005 0.574533 0.54186
0.006 0.804347 0.764246
0.007 1.07246 1.02446
0.008 1.37888 1.32244
0.009 1.7236 1.65809
0.01 2.10662 2.03136
0.011 2.52795 2.44216
0.012 2.98757 2.89042
0.013 3.4855 3.37606
0.014 4.02173 3.89901
0.015 4.59627 4.4592
0.016 5.2091 5.05655
0.017 5.86024 5.69099
0.018 6.54968 6.36245
0.019 7.27742 7.07084
0.02 8.04347 7.81609
0.021 8.84781 8.59814
0.022 9.69046 9.4169
0.023 10.5714 10.2723
0.024 11.4907 11.1643
0.025 12.4482 12.0927
0.026 13.4441 13.0576
0.027 14.4782 14.0588
0.028 15.5507 15.0963
0.029 16.6615 16.17
0.03 17.8105 17.2798
0.031 18.9979 18.4257
0.032 20.2236 19.6075
0.033 21.4875 20.8252
0.034 22.7898 22.0788
0.035 24.1304 23.3681
0.036 25.5092 24.693
0.037 26.9264 26.0536
0.038 28.3819 27.4497
0.039 29.8757 28.8812
0.04 31.4078 30.3482
0.041 32.9781 31.8504
0.042 34.5868 33.3878
0.043 36.2338 34.9604
0.044 37.9191 36.5681
0.045 39.6427 38.2108
0.046 41.4045 39.8884
0.047 43.2047 41.6009
0.048 45.0432 43.3481
0.049 46.92 45.1301
0.05 48.8351 46.9467
0.051 50.7885 48.7979
0.052 52.7802 50.6835
0.053 54.8102 52.6035
0.054 56.8785 54.5579
0.055 58.9851 56.5466
0.056 61.13 58.5694
0.057 63.3132 60.6264
0.058 65.5347 62.7174
0.059 67.7945 64.8423
0.06 70.0926 67.0012
0.061 72.4291 69.1939
0.062 74.8038 71.4203
0.063 77.2169 73.6804
0.064 79.6682 75.9741
0.065 82.1579 78.3013
0.066 84.6859 80.662
0.067 87.2522 83.0561
0.068 89.8568 85.4834
0.069 92.4997 87.944
0.07 95.181 90.4377
0.071 97.9005 92.9646
0.072 100.658 95.5244
0.073 103.455 98.1171
0.074 106.289 100.743
0.075 109.162 103.401
0.076 112.073 106.092
0.077 115.022 108.816
0.078 118.01 111.572
0.079 121.036 114.361
0.08 124.1 117.182
0.081 127.203 120.036
0.082 130.344 122.922
0.083 133.523 125.84
0.084 136.741 128.79
0.085 139.997 131.772
0.086 143.291 134.786
0.087 146.623 137.832
0.088 149.994 140.91
0.089 153.403 144.019
0.09 156.851 147.16
0.091 160.337 150.333
0.092 163.861 153.537
0.093 167.423 156.773
0.094 171.024 160.04
0.095 174.663 163.339
0.096 178.34 166.668
0.097 182.056 170.029
0.098 185.809 173.421
0.099 189.602 176.844
0.1 193.432 180.297
0.101 197.301 183.782
0.102 201.208 187.297
0.103 205.153 190.843
0.104 209.137 194.42
0.105 213.159 198.027
0.106 217.22 201.665
0.107 221.318 205.333
0.108 225.455 209.031
0.109 229.63 212.76
0.11 233.844 216.519
0.111 238.096 220.308
0.112 242.386 224.127
0.113 246.715 227.976
0.114 251.081 231.855
0.115 255.486 235.763
0.116 259.93 239.701
0.117 264.411 243.669
0.118 268.932 247.667
0.119 273.49 251.694
0.12 278.086 255.751
0.121 282.721 259.836
0.122 287.395 263.951
0.123 292.106 268.096
0.124 296.856 272.269
0.125 301.644 276.472
0.126 306.471 280.703
0.127 311.335 284.964
0.128 316.238 289.253
0.129 321.18 293.571
0.13 326.159 297.918
0.131 331.177 302.293
0.132 336.234 306.697
0.133 341.328 311.129
0.134 346.461 315.59
0.135 351.632 320.079
0.136 356.842 324.596
0.137 362.09 329.142
0.138 367.376 333.715
0.139 372.7 338.317
0.14 378.063 342.946
0.141 383.464 347.604
0.142 388.903 352.289
0.143 394.381 357.002
0.144 399.897 361.742
0.145 405.451 366.51
0.146 411.044 371.306
0.147 416.675 376.129
0.148 422.344 380.979
0.149 428.051 385.857
0.15 433.797 390.761
0.151 439.581 395.693
0.152 445.404 400.652
0.153 451.264 405.638
0.154 457.163 410.651
0.155 463.101 415.691
0.156 469.076 420.757
0.157 475.09 425.851
0.158 481.142 430.97
0.159 487.233 436.117
0.16 493.362 441.289
0.161 499.529 446.488
0.162 505.734 451.714
0.163 511.978 456.965
0.164 518.26 462.243
0.165 524.581 467.547
0.166 530.939 472.877
0.167 537.336 478.233
0.168 543.771 483.615
0.169 550.245 489.022
0.17 556.757 494.455
0.171 563.307 499.914
0.172 569.896 505.399
0.173 576.522 510.908
0.174 583.188 516.444
0.175 589.891 522.004
0.176 596.633 527.59
0.177 603.413 533.201
0.178 610.231 538.838
0.179 617.088 544.499
0.18 623.983 550.185
0.181 630.916 555.896
0.182 637.887 561.632
0.183 644.897 567.393
0.184 651.945 573.178
0.185 659.032 578.988
0.186 666.157 584.823
0.187 673.32 590.681
0.188 680.521 596.565
0.189 687.761 602.472
0.19 695.039 608.404
0.191 702.355 614.36
0.192 709.71 620.34
0.193 717.103 626.344
0.194 724.534 632.372
0.195 732.003 638.424
0.196 739.511 644.5
0.197 747.057 650.599
0.198 754.642 656.722
0.199 762.264 662.868
0.2 769.926 669.038
0.201 777.625 675.232
0.202 785.363 681.448
0.203 793.138 687.688
0.204 800.953 693.951
0.205 808.805 700.238
0.206 816.696 706.547
0.207 824.625 712.879
0.208 832.593 719.234
0.209 840.599 725.612
0.21 848.643 732.013
0.211 856.725 738.436
0.212 864.846 744.882
0.213 873.005 751.351
0.214 881.202 757.842
0.215 889.438 764.355
0.216 897.712 770.89
0.217 906.024 777.448
0.218 914.375 784.028
0.219 922.763 790.63
0.22 931.191 797.254
0.221 939.656 803.9
0.222 948.16 810.568
0.223 956.702 817.257
0.224 965.282 823.968
0.225 973.901 830.701
0.226 982.558 837.456
0.227 991.253 844.231
0.228 999.987 851.029
0.229 1008.76 857.847
0.23 1017.57 864.687
0.231 1026.42 871.548
0.232 1035.3 878.43
0.233 1044.23 885.333
0.234 1053.19 892.257
0.235 1062.19 899.202
0.236 1071.23 906.168
0.237 1080.31 913.154
0.238 1089.43 920.162
0.239 1098.58 927.189
0.24 1107.78 934.237
0.241 1117.01 941.306
0.242 1126.28 948.395
0.243 1135.59 955.504
0.244 1144.93 962.634
0.245 1154.32 969.784
0.246 1163.74 976.953
0.247 1173.2 984.143
0.248 1182.7 991.353
0.249 1192.24 998.582
0.25 1201.82 1005.83
0.251 1211.43 1013.1
0.252 1221.08 1020.39
0.253 1230.78 1027.7
0.254 1240.51 1035.02
0.255 1250.27 1042.37
0.256 1260.08 1049.74
0.257 1269.92 1057.12
0.258 1279.81 1064.53
0.259 1289.73 1071.95
0.26 1299.69 1079.39
0.261 1309.68 1086.86
0.262 1319.72 1094.34
0.263 1329.79 1101.84
0.264 1339.91 1109.35
0.265 1350.06 1116.89
0.266 1360.25 1124.45
0.267 1370.47 1132.02
0.268 1380.74 1139.61
0.269 1391.04 1147.22
0.27 1401.39 1154.85
0.271 1411.77 1162.5
0.272 1422.19 1170.16
0.273 1432.64 1177.85
0.274 1443.14 1185.55
0.275 1453.67 1193.27
0.276 1464.25 1201
0.277 1474.86 1208.76
0.278 1485.51 1216.53
0.279 1496.19 1224.32
0.28 1506.92 1232.13
0.281 1517.68 1239.95
0.282 1528.48 1247.79
0.283 1539.32 1255.65
0.284 1550.2 1263.53
0.285 1561.12 1271.43
0.286 1572.08 1279.34
0.287 1583.07 1287.26
0.288 1594.1 1295.21
0.289 1605.17 1303.17
0.29 1616.28 1311.15
0.291 1627.43 1319.15
0.292 1638.61 1327.16
0.293 1649.84 1335.19
0.294 1661.1 1343.23
0.295 1672.4 1351.29
0.296 1683.74 1359.37
0.297 1695.11 1367.46
0.298 1706.53 1375.57
0.299 1717.98 1383.7
0.3 1729.47 1391.84
0.301 1741 1400
0.302 1752.57 1408.18
0.303 1764.18 1416.37
0.304 1775.82 1424.57
0.305 1787.5 1432.79
0.306 1799.23 1441.03
0.307 1810.99 1449.28
0.308 1822.78 1457.55
0.309 1834.62 1465.84
0.31 1846.49 1474.13
0.311 1858.41 1482.45
0.312 1870.36 1490.78
0.313 1882.35 1499.12
0.314 1894.38 1507.48
0.315 1906.44 1515.86
0.316 1918.55 1524.24
0.317 1930.69 1532.65
0.318 1942.87 1541.07
0.319 1955.09 1549.5
0.32 1967.35 1557.95
0.321 1979.64 1566.41
0.322 1991.98 1574.89
0.323 2004.35 1583.38
0.324 2016.76 1591.88
0.325 2029.21 1600.4
0.326 2041.7 1608.94
0.327 2054.22 1617.48
0.328 2066.79 1626.05
0.329 2079.39 1634.62
0.33 2092.03 1643.21
0.331 2104.71 1651.81
0.332 2117.43 1660.43
0.333 2130.18 1669.06
0.334 2142.98 1677.7
0.335 2155.81 1686.36
0.336 2168.68 1695.03
0.337 2181.59 1703.71
0.338 2194.54 1712.41
0.339 2207.52 1721.12
0.34 2220.54 1729.85
0.341 2233.61 1738.58
0.342 2246.71 1747.33
0.343 2259.85 1756.09
0.344 2273.02 1764.87
0.345 2286.24 1773.65
0.346 2299.49 1782.46
0.347 2312.78 1791.27
0.348 2326.11 1800.09
0.349 2339.48 1808.93
0.35 2352.89 1817.78
0.351 2366.33 1826.64
0.352 2379.82 1835.52
0.353 2393.34 1844.4
0.354 2406.9 1853.3
0.355 2420.5 1862.21
0.356 2434.13 1871.13
0.357 2447.81 1880.07
0.358 2461.52 1889.01
0.359 2475.27 1897.97
0.36 2489.06 1906.94
0.361 2502.89 1915.92
0.362 2516.76 1924.91
0.363 2530.66 1933.92
0.364 2544.61 1942.93
0.365 2558.59 1951.96
0.366 2572.61 1960.99
0.367 2586.67 1970.04
0.368 2600.76 1979.1
0.369 2614.9 1988.17
0.37 2629.07 1997.25
0.371 2643.28 2006.34
0.372 2657.53 2015.44
0.373 2671.82 2024.56
0.374 2686.14 2033.68
0.375 2700.51 2042.81
0.376 2714.91 2051.96
0.377 2729.35 2061.11
0.378 2743.83 2070.28
0.379 2758.35 2079.45
0.38 2772.91 2088.64
0.381 2787.5 2097.83
0.382 2802.13 2107.04
0.383 2816.8 2116.25
0.384 2831.51 2125.48
0.385 2846.26 2134.71
0.386 2861.05 2143.96
0.387 2875.87 2153.21
0.388 2890.73 2162.47
0.389 2905.63 2171.75
0.39 2920.57 2181.03
0.391 2935.55 2190.32
0.392 2950.57 2199.62
0.393 2965.62 2208.93
0.394 2980.71 2218.25
0.395 2995.84 2227.57
0.396 3011.01 2236.91
0.397 3026.22 2246.26
0.398 3041.46 2255.61
0.399 3056.75 2264.97
0.4 3072.07 2274.34
0.401 3087.43 2283.72
0.402 3102.83 2293.11
0.403 3118.27 2302.51
0.404 3133.74 2311.91
0.405 3149.26 2321.33
0.406 3164.81 2330.75
0.407 3180.4 2340.18
0.408 3196.03 2349.62
0.409 3211.69 2359.06
0.41 3227.4 2368.51
0.411 3243.14 2377.97
0.412 3258.92 2387.44
0.413 3274.74 2396.92
0.414 3290.6 2406.4
0.415 3306.5 2415.9
0.416 3322.43 2425.39
0.417 3338.41 2434.9
0.418 3354.42 2444.41
0.419 3370.47 2453.93
0.42 3386.56 2463.46
0.421 3402.68 2473
0.422 3418.85 2482.54
0.423 3435.05 2492.09
0.424 3451.29 2501.64
0.425 3467.57 2511.21
0.426 3483.89 2520.77
0.427 3500.25 2530.35
0.428 3516.64 2539.93
0.429 3533.07 2549.52
0.43 3549.54 2559.12
0.431 3566.05 2568.72
0.432 3582.6 2578.32
0.433 3599.19 2587.94
0.434 3615.81 2597.56
0.435 3632.48 2607.18
0.436 3649.18 2616.82
0.437 3665.92 2626.45
0.438 3682.69 2636.1
0.439 3699.51 2645.74
0.44 3716.36 2655.4
0.441 3733.26 2665.06
0.442 3750.19 2674.73
0.443 3767.16 2684.4
0.444 3784.16 2694.07
0.445 3801.21 2703.75
0.446 3818.29 2713.44
0.447 3835.42 2723.13
0.448 3852.58 2732.83
0.449 3869.78 2742.53
0.45 3887.01 2752.24
0.451 3904.29 2761.95
0.452 3921.6 2771.67
0.453 3938.96 2781.39
0.454 3956.35 2791.11
0.455 3973.78 2800.84
0.456 3991.24 2810.58
0.457 4008.75 2820.32
0.458 4026.29 2830.06
0.459 4043.87 2839.81
0.46 4061.49 2849.56
0.461 4079.15 2859.32
0.462 4096.85 2869.07
0.463 4114.59 2878.84
0.464 4132.36 2888.61
0.465 4150.17 2898.38
0.466 4168.02 2908.15
0.467 4185.91 2917.93
0.468 4203.84 2927.71
0.469 4221.8 2937.5
0.47 4239.81 2947.29
0.471 4257.85 2957.08
0.472 4275.93 2966.87
0.473 4294.05 2976.67
0.474 4312.2 2986.48
0.475 4330.4 2996.28
0.476 4348.63 3006.09
0.477 4366.9 3015.9
0.478 4385.21 3025.71
0.479 4403.56 3035.53
0.48 4421.95 3045.35
0.481 4440.37 3055.17
0.482 4458.83 3064.99
0.483 4477.34 3074.82
0.484 4495.88 3084.65
0.485 4514.45 3094.48
0.486 4533.07 3104.31
0.487 4551.72 3114.15
0.488 4570.42 3123.99
0.489 4589.15 3133.82
0.49 4607.92 3143.67
0.491 4626.73 3153.51
0.492 4645.57 3163.35
0.493 4664.46 3173.2
0.494 4683.38 3183.05
0.495 4702.34 3192.9
0.496 4721.34 3202.75
0.497 4740.38 3212.6
0.498 4759.45 3222.46
0.499 4778.57 3232.31
0.5 4797.72 3242.17
0.501 4816.91 3252.03
0.502 4836.14 3261.88
0.503 4855.41 3271.74
0.504 4874.71 3281.6
0.505 4894.06 3291.47
0.506 4913.44 3301.33
0.507 4932.86 3311.19
0.508 4952.32 3321.05
0.509 4971.82 3330.92
0.51 4991.35 3340.78
0.511 5010.93 3350.64
0.512 5030.54 3360.51
0.513 5050.19 3370.37
0.514 5069.88 3380.24
0.515 5089.61 3390.1
0.516 5109.37 3399.97
0.517 5129.18 3409.83
0.518 5149.02 3419.7
0.519 5168.9 3429.56
0.52 5188.82 3439.43
0.521 5208.77 3449.29
0.522 5228.77 3459.15
0.523 5248.8 3469.02
0.524 5268.88 3478.88
0.525 5288.99 3488.74
0.526 5309.13 3498.6
0.527 5329.32 3508.46
0.528 5349.55 3518.32
0.529 5369.81 3528.18
0.53 5390.11 3538.04
0.531 5410.45 3547.89
0.532 5430.83 3557.75
0.533 5451.25 3567.6
0.534 5471.7 3577.45
0.535 5492.19 3587.3
0.536 5512.73 3597.15
0.537 5533.3 3607
0.538 5553.9 3616.84
0.539 5574.55 3626.69
0.54 5595.24 3636.53
0.541 5615.96 3646.37
0.542 5636.72 3656.21
0.543 5657.52 3666.05
0.544 5678.36 3675.88
0.545 5699.23 3685.71
0.546 5720.15 3695.54
0.547 5741.1 3705.37
0.548 5762.09 3715.19
0.549 5783.12 3725.02
0.55 5804.19 3734.84
0.551 5825.3 3744.65
0.552 5846.44 3754.47
0.553 5867.62 3764.28
0.554 5888.85 3774.09
0.555 5910.11 3783.9
0.556 5931.4 3793.7
0.557 5952.74 3803.5
0.558 5974.11 3813.3
0.559 5995.53 3823.09
0.56 6016.98 3832.88
0.561 6038.47 3842.67
0.562 6059.99 3852.45
0.563 6081.56 3862.23
0.564 6103.16 3872.01
0.565 6124.81 3881.78
0.566 6146.49 3891.55
0.567 6168.21 3901.32
0.568 6189.96 3911.08
0.569 6211.76 3920.84
0.57 6233.59 3930.59
0.571 6255.47 3940.34
0.572 6277.38 3950.08
0.573 6299.32 3959.82
0.574 6321.31 3969.56
0.575 6343.34 3979.29
0.576 6365.4 3989.02
0.577 6387.5 3998.74
0.578 6409.64 4008.46
0.579 6431.82 4018.18
0.58 6454.04 4027.89
0.581 6476.29 4037.59
0.582 6498.59 4047.29
0.583 6520.92 4056.98
0.584 6543.29 4066.67
0.585 6565.7 4076.36
0.586 6588.15 4086.03
0.587 6610.63 4095.71
0.588 6633.15 4105.38
0.589 6655.72 4115.04
0.59 6678.32 4124.7
0.591 6700.95 4134.35
0.592 6723.63 4143.99
0.593 6746.35 4153.63
0.594 6769.1 4163.27
0.595 6791.89 4172.9
0.596 6814.72 4182.52
0.597 6837.59 4192.14
0.598 6860.5 4201.75
0.599 6883.44 4211.35
0.6 6906.42 4220.95
0.601 6929.45 4230.54
0.602 6952.51 4240.12
0.603 6975.6 4249.7
0.604 6998.74 4259.27
0.605 7021.91 4268.84
0.606 7045.13 4278.4
0.607 7068.38 4287.95
0.608 7091.67 4297.5
0.609 7115 4307.03
0.61 7138.36 4316.56
0.611 7161.77 4326.09
0.612 7185.21 4335.61
0.613 7208.69 4345.12
0.614 7232.21 4354.62
0.615 7255.77 4364.11
0.616 7279.36 4373.6
0.617 7303 4383.08
0.618 7326.67 4392.55
0.619 7350.38 4402.02
0.62 7374.13 4411.47
0.621 7397.92 4420.92
0.622 7421.74 4430.36
0.623 7445.61 4439.8
0.624 7469.51 4449.22
0.625 7493.45 4458.64
0.626 7517.43 4468.05
0.627 7541.45 4477.45
0.628 7565.5 4486.84
0.629 7589.6 4496.22
0.63 7613.73 4505.6
0.631 7637.9 4514.97
0.632 7662.11 4524.32
0.633 7686.36 4533.67
0.634 7710.64 4543.01
0.635 7734.97 4552.35
0.636 7759.33 4561.67
0.637 7783.73 4570.98
0.638 7808.17 4580.29
0.639 7832.64 4589.58
0.64 7857.16 4598.87
0.641 7881.71 4608.14
0.642 7906.31 4617.41
0.643 7930.94 4626.67
0.644 7955.6 4635.92
0.645 7980.31 4645.16
0.646 8005.06 4654.39
0.647 8029.84 4663.61
0.648 8054.66 4672.82
0.649 8079.52 4682.01
0.65 8104.42 4691.2
0.651 8129.36 4700.38
0.652 8154.33 4709.55
0.653 8179.35 4718.71
0.654 8204.4 4727.86
0.655 8229.49 4737
0.656 8254.62 4746.13
0.657 8279.78 4755.25
0.658 8304.99 4764.35
0.659 8330.23 4773.45
0.66 8355.51 4782.54
0.661 8380.83 4791.61
0.662 8406.19 4800.67
0.663 8431.59 4809.73
0.664 8457.02 4818.77
0.665 8482.49 4827.8
0.666 8508 4836.82
0.667 8533.55 4845.83
0.668 8559.14 4854.83
0.669 8584.77 4863.81
0.67 8610.43 4872.79
0.671 8636.14 4881.75
0.672 8661.88 4890.7
0.673 8687.66 4899.64
0.674 8713.47 4908.57
0.675 8739.33 4917.48
0.676 8765.22 4926.39
0.677 8791.16 4935.28
0.678 8817.13 4944.16
0.679 8843.14 4953.03
0.68 8869.18 4961.88
0.681 8895.27 4970.72
0.682 8921.39 4979.56
0.683 8947.56 4988.37
0.684 8973.76 4997.18
0.685 9000 5005.97
0.686 9026.27 5014.75
0.687 9052.59 5023.52
0.688 9078.94 5032.28
0.689 9105.34 5041.02
0.69 9131.77 5049.75
0.691 9158.24 5058.46
0.692 9184.74 5067.17
0.693 9211.29 5075.86
0.694 9237.87 5084.53
0.695 9264.49 5093.2
0.696 9291.15 5101.85
0.697 9317.85 5110.48
0.698 9344.59 5119.11
0.699 9371.37 5127.72
0.7 9398.18 5136.31
0.701 9425.03 5144.89
0.702 9451.92 5153.46
0.703 9478.85 5162.01
0.704 9505.82 5170.55
0.705 9532.82 5179.08
0.706 9559.87 5187.59
0.707 9586.95 5196.09
0.708 9614.07 5204.57
0.709 9641.23 5213.04
0.71 9668.42 5221.5
0.711 9695.66 5229.94
0.712 9722.93 5238.36
0.713 9750.24 5246.77
0.714 9777.59 5255.17
0.715 9804.98 5263.55
0.716 9832.41 5271.92
0.717 9859.87 5280.27
0.718 9887.38 5288.6
0.719 9914.92 5296.92
0.72 9942.5 5305.23
0.721 9970.12 5313.52
0.722 9997.77 5321.8
0.723 10025.5 5330.05
0.724 10053.2 5338.3
0.725 10081 5346.53
0.726 10108.8 5354.74
0.727 10136.6 5362.94
0.728 10164.5 5371.12
0.729 10192.4 5379.29
0.73 10220.4 5387.44
0.731 10248.4 5395.57
0.732 10276.4 5403.69
0.733 10304.5 5411.79
0.734 10332.6 5419.87
0.735 10360.8 5427.94
0.736 10389 5436
0.737 10417.2 5444.03
0.738 10445.5 5452.05
0.739 10473.8 5460.05
0.74 10502.1 5468.04
0.741 10530.5 5476.01
0.742 10558.9 5483.96
0.743 10587.4 5491.9
0.744 10615.9 5499.82
0.745 10644.4 5507.72
0.746 10673 5515.6
0.747 10701.6 5523.47
0.748 10730.3 5531.32
0.749 10759 5539.16
0.75 10787.7 5546.97
0.751 10816.5 5554.77
0.752 10845.3 5562.55
0.753 10874.1 5570.31
0.754 10903 5578.06
0.755 10931.9 5585.78
0.756 10960.9 5593.49
0.757 10989.9 5601.19
0.758 11018.9 5608.86
0.759 11048 5616.51
0.76 11077.1 5624.15
0.761 11106.2 5631.77
0.762 11135.4 5639.37
0.763 11164.7 5646.95
0.764 11193.9 5654.52
0.765 11223.2 5662.06
0.766 11252.6 5669.59
0.767 11282 5677.1
0.768 11311.4 5684.59
0.769 11340.8 5692.06
0.77 11370.3 5699.51
0.771 11399.9 5706.94
0.772 11429.4 5714.35
0.773 11459 5721.75
0.774 11488.7 5729.12
0.775 11518.4 5736.48
0.776 11548.1 5743.82
0.777 11577.9 5751.13
0.778 11607.7 5758.43
0.779 11637.5 5765.71
0.78 11667.4 5772.97
0.781 11697.3 5780.2
0.782 11727.3 5787.42
0.783 11757.2 5794.62
0.784 11787.3 5801.8
0.785 11817.3 5808.96
0.786 11847.5 5816.1
0.787 11877.6 5823.22
0.788 11907.8 5830.32
0.789 11938 5837.39
0.79 11968.3 5844.45
0.791 11998.6 5851.49
0.792 12028.9 5858.5
0.793 12059.3 5865.5
0.794 12089.7 5872.48
0.795 12120.1 5879.43
0.796 12150.6 5886.36
0.797 12181.2 5893.28
0.798 12211.7 5900.17
0.799 12242.3 5907.04
0.8 12273 5913.89
0.801 12303.7 5920.72
0.802 12334.4 5927.52
0.803 12365.2 5934.31
0.804 12395.9 5941.07
0.805 12426.8 5947.82
0.806 12457.7 5954.54
0.807 12488.6 5961.24
0.808 12519.5 5967.92
0.809 12550.5 5974.57
0.81 12581.5 5981.21
0.811 12612.6 5987.82
0.812 12643.7 5994.41
0.813 12674.8 6000.98
0.814 12706 6007.52
0.815 12737.2 6014.04
0.816 12768.5 6020.55
0.817 12799.8 6027.02
0.818 12831.1 6033.48
0.819 12862.5 6039.91
0.82 12893.9 6046.33
0.821 12925.4 6052.71
0.822 12956.9 6059.08
0.823 12988.4 6065.42
0.824 13019.9 6071.74
0.825 13051.5 6078.04
0.826 13083.2 6084.31
0.827 13114.9 6090.56
0.828 13146.6 6096.79
0.829 13178.3 6102.99
0.83 13210.1 6109.18
0.831 13242 6115.33
0.832 13273.8 6121.47
0.833 13305.7 6127.58
0.834 13337.7 6133.66
0.835 13369.7 6139.73
0.836 13401.7 6145.77
0.837 13433.8 6151.78
0.838 13465.9 6157.77
0.839 13498 6163.74
0.84 13530.2 6169.68
0.841 13562.4 6175.6
0.842 13594.6 6181.49
0.843 13626.9 6187.36
0.844 13659.3 6193.21
0.845 13691.6 6199.03
0.846 13724 6204.83
0.847 13756.5 6210.6
0.848 13789 6216.35
0.849 13821.5 6222.07
0.85 13854 6227.77
0.851 13886.6 6233.44
0.852 13919.3 6239.09
0.853 13951.9 6244.71
0.854 13984.7 6250.31
0.855 14017.4 6255.88
0.856 14050.2 6261.43
0.857 14083 6266.95
0.858 14115.9 6272.45
0.859 14148.8 6277.92
0.86 14181.7 6283.36
0.861 14214.7 6288.78
0.862 14247.7 6294.17
0.863 14280.8 6299.54
0.864 14313.9 6304.88
0.865 14347 6310.2
0.866 14380.2 6315.49
0.867 14413.4 6320.75
0.868 14446.7 6325.99
0.869 14479.9 6331.2
0.87 14513.3 6336.39
0.871 14546.6 6341.54
0.872 14580 6346.68
0.873 14613.5 6351.78
0.874 14647 6356.86
0.875 14680.5 6361.91
0.876 14714 6366.94
0.877 14747.6 6371.94
0.878 14781.3 6376.91
0.879 14814.9 6381.85
0.88 14848.6 6386.77
0.881 14882.4 6391.66
0.882 14916.2 6396.52
0.883 14950 6401.36
0.884 14983.8 6406.17
0.885 15017.7 6410.95
0.886 15051.7 6415.7
0.887 15085.7 6420.43
0.888 15119.7 6425.12
0.889 15153.7 6429.79
0.89 15187.8 6434.44
0.891 15222 6439.05
0.892 15256.1 6443.64
0.893 15290.3 6448.19
0.894 15324.6 6452.72
0.895 15358.9 6457.23
0.896 15393.2 6461.7
0.897 15427.5 6466.15
0.898 15461.9 6470.56
0.899 15496.4 6474.95
0.9 15530.8 6479.31
0.901 15565.4 6483.64
0.902 15599.9 6487.94
0.903 15634.5 6492.22
0.904 15669.1 6496.46
0.905 15703.8 6500.68
0.906 15738.5 6504.87
0.907 15773.2 6509.02
0.908 15808 6513.15
0.909 15842.8 6517.25
0.91 15877.7 6521.32
0.911 15912.6 6525.36
0.912 15947.5 6529.37
0.913 15982.5 6533.35
0.914 16017.5 6537.31
0.915 16052.6 6541.23
0.916 16087.7 6545.12
0.917 16122.8 6548.98
0.918 16157.9 6552.82
0.919 16193.1 6556.62
0.92 16228.4 6560.39
0.921 16263.7 6564.13
0.922 16299 6567.85
0.923 16334.3 6571.53
0.924 16369.7 6575.18
0.925 16405.2 6578.8
0.926 16440.6 6582.39
0.927 16476.1 6585.95
0.928 16511.7 6589.48
0.929 16547.3 6592.98
0.93 16582.9 6596.45
0.931 16618.6 6599.89
0.932 16654.3 6603.29
0.933 16690 6606.67
0.934 16725.8 6610.01
0.935 16761.6 6613.32
0.936 16797.4 6616.61
0.937 16833.3 6619.86
0.938 16869.3 6623.07
0.939 16905.2 6626.26
0.94 16941.2 6629.42
0.941 16977.3 6632.54
0.942 17013.4 6635.63
0.943 17049.5 6638.69
0.944 17085.7 6641.72
0.945 17121.9 6644.72
0.946 17158.1 6647.69
0.947 17194.4 6650.62
0.948 17230.7 6653.52
0.949 17267 6656.39
0.95 17303.4 6659.22
0.951 17339.9 6662.03
0.952 17376.3 6664.8
0.953 17412.8 6667.54
0.954 17449.4 6670.24
0.955 17485.9 6672.92
0.956 17522.6 6675.56
0.957 17559.2 6678.17
0.958 17595.9 6680.74
0.959 17632.7 6683.28
0.96 17669.4 6685.79
0.961 17706.2 6688.27
0.962 17743.1 6690.71
0.963 17780 6693.12
0.964 17816.9 6695.5
0.965 17853.9 6697.84
0.966 17890.9 6700.15
0.967 17927.9 6702.42
0.968 17965 6704.67
0.969 18002.1 6706.87
0.97 18039.3 6709.05
0.971 18076.5 6711.19
0.972 18113.7 6713.3
0.973 18151 6715.37
0.974 18188.3 6717.41
0.975 18225.6 6719.41
0.976 18263 6721.38
0.977 18300.4 6723.32
0.978 18337.9 6725.22
0.979 18375.4 6727.09
0.98 18412.9 6728.92
0.981 18450.5 6730.72
0.982 18488.1 6732.48
0.983 18525.8 6734.21
0.984 18563.5 6735.9
0.985 18601.2 6737.56
0.986 18639 6739.19
0.987 18676.8 6740.78
0.988 18714.6 6742.33
0.989 18752.5 6743.85
0.99 18790.4 6745.33
0.991 18828.4 6746.78
0.992 18866.4 6748.19
0.993 18904.4 6749.57
0.994 18942.5 6750.91
0.995 18980.6 6752.22
0.996 19018.8 6753.49
0.997 19057 6754.72
0.998 19095.2 6755.92
0.999 19133.5 6757.08
1 19171.8 6758.21
1.001 19210.1 6759.3
1.002 19248.5 6760.35
1.003 19286.9 6761.37
1.004 19325.4 6762.35
1.005 19363.9 6763.3
1.006 19402.4 6764.21
1.007 19441 6765.08
1.008 19479.6 6765.91
1.009 19518.2 6766.71
1.01 19556.9 6767.48
1.011 19595.6 6768.2
1.012 19634.4 6768.89
1.013 19673.2 6769.54
1.014 19712.1 6770.16
1.015 19750.9 6770.73
1.016 19789.9 6771.27
1.017 19828.8 6771.78
1.018 19867.8 6772.24
1.019 19906.8 6772.67
1.02 19945.9 6773.06
1.021 19985 6773.41
1.022 20024.2 6773.73
1.023 20063.4 6774.01
1.024 20102.6 6774.25
1.025 20141.8 6774.45
1.026 20181.1 6774.61
1.027 20220.5 6774.74
1.028 20259.9 6774.83
1.029 20299.3 6774.87
1.03 20338.7 6774.89
1.031 20378.2 6774.86
1.032 20417.8 6774.79
1.033 20457.3 6774.69
1.034 20496.9 6774.55
1.035 20536.6 6774.37
1.036 20576.3 6774.15
1.037 20616 6773.89
1.038 20655.7 6773.59
1.039 20695.5 6773.26
1.04 20735.4 6772.88
1.041 20775.3 6772.47
1.042 20815.2 6772.01
1.043 20855.1 6771.52
1.044 20895.1 6770.99
1.045 20935.1 6770.42
1.046 20975.2 6769.81
1.047 21015.3 6769.16
1.048 21055.5 6768.47
1.049 21095.6 6767.74
1.05 21135.9 6766.97
1.051 21176.1 6766.16
1.052 21216.4 6765.31
1.053 21256.8 6764.42
1.054 21297.1 6763.49
1.055 21337.5 6762.52
1.056 21378 6761.52
1.057 21418.5 6760.47
1.058 21459 6759.38
1.059 21499.6 6758.25
1.06 21540.2 6757.08
1.061 21580.8 6755.86
1.062 21621.5 6754.61
1.063 21662.2 6753.32
1.064 21703 6751.99
1.065 21743.8 6750.61
1.066 21784.6 6749.2
1.067 21825.5 6747.74
1.068 21866.4 6746.25
1.069 21907.3 6744.71
1.07 21948.3 6743.13
1.071 21989.3 6741.51
1.072 22030.4 6739.85
1.073 22071.5 6738.14
1.074 22112.6 6736.4
1.075 22153.8 6734.61
1.076 22195 6732.78
1.077 22236.3 6730.91
1.078 22277.6 6729
1.079 22318.9 6727.05
1.08 22360.3 6725.05
1.081 22401.7 6723.01
1.082 22443.1 6720.93
1.083 22484.6 6718.81
1.084 22526.1 6716.65
1.085 22567.7 6714.44
1.086 22609.3 6712.19
1.087 22650.9 6709.9
1.088 22692.6 6707.57
1.089 22734.3 6705.19
1.09 22776.1 6702.77
1.091 22817.9 6700.31
1.092 22859.7 6697.8
1.093 22901.6 6695.25
1.094 22943.5 6692.66
1.095 22985.4 6690.03
1.096 23027.4 6687.35
1.097 23069.4 6684.63
1.098 23111.5 6681.87
1.099 23153.6 6679.06
1.1 23195.7 6676.21
1.101 23237.9 6673.32
1.102 23280.1 6670.38
1.103 23322.4 6667.4
1.104 23364.7 6664.37
1.105 23407 6661.3
1.106 23449.3 6658.19
1.107 23491.7 6655.03
1.108 23534.2 6651.83
1.109 23576.7 6648.59
1.11 23619.2 6645.3
1.111 23661.7 6641.96
1.112 23704.3 6638.59
1.113 23747 6635.16
1.114 23789.6 6631.7
1.115 23832.4 6628.19
1.116 23875.1 6624.63
1.117 23917.9 6621.03
1.118 23960.7 6617.38
1.119 24003.6 6613.69
1.12 24046.5 6609.96
1.121 24089.4 6606.18
1.122 24132.4 6602.35
1.123 24175.4 6598.48
1.124 24218.5 6594.57
1.125 24261.6 6590.6
1.126 24304.7 6586.6
1.127 24347.9 6582.55
1.128 24391.1 6578.45
1.129 24434.3 6574.31
1.13 24477.6 6570.12
1.131 24520.9 6565.88
1.132 24564.3 6561.6
1.133 24607.7 6557.28
1.134 24651.1 6552.9
1.135 24694.6 6548.49
1.136 24738.1 6544.02
1.137 24781.7 6539.51
1.138 24825.3 6534.95
1.139 24868.9 6530.35
1.14 24912.6 6525.7
1.141 24956.3 6521
1.142 25000 6516.26
1.143 25043.8 6511.47
1.144 25087.6 6506.64
1.145 25131.5 6501.75
1.146 25175.4 6496.82
1.147 25219.3 6491.85
1.148 25263.3 6486.82
1.149 25307.3 6481.75
1.15 25351.4 6476.63
1.151 25395.4 6471.47
1.152 25439.6 6466.26
1.153 25483.7 6461
1.154 25527.9 6455.69
1.155 25572.2 6450.33
1.156 25616.5 6444.93
1.157 25660.8 6439.48
1.158 25705.1 6433.98
1.159 25749.5 6428.44
1.16 25794 6422.84
1.161 25838.4 6417.2
1.162 25883 6411.51
1.163 25927.5 6405.77
1.164 25972.1 6399.99
1.165 26016.7 6394.15
1.166 26061.4 6388.27
1.167 26106.1 6382.34
1.168 26150.8 6376.36
1.169 26195.6 6370.33
1.17 26240.4 6364.25
1.171 26285.3 6358.13
1.172 26330.2 6351.95
1.173 26375.1 6345.73
1.174 26420.1 6339.46
1.175 26465.1 6333.13
1.176 26510.1 6326.76
1.177 26555.2 6320.34
1.178 26600.3 6313.87
1.179 26645.5 6307.36
1.18 26690.7 6300.79
1.181 26735.9 6294.17
1.182 26781.2 6287.5
1.183 26826.5 6280.79
1.184 26871.9 6274.02
1.185 26917.3 6267.21
1.186 26962.7 6260.34
1.187 27008.2 6253.43
1.188 27053.7 6246.46
1.189 27099.2 6239.44
1.19 27144.8 6232.38
1.191 27190.4 6225.26
1.192 27236.1 6218.1
1.193 27281.8 6210.88
1.194 27327.5 6203.61
1.195 27373.3 6196.29
1.196 27419.1 6188.93
1.197 27465 6181.51
1.198 27510.8 6174.04
1.199 27556.8 6166.52
1.2 27602.7 6158.94
1.201 27648.7 6151.32
1.202 27694.8 6143.65
1.203 27740.9 6135.92
1.204 27787 6128.15
1.205 27833.1 6120.32
1.206 27879.3 6112.44
1.207 27925.6 6104.51
1.208 27971.9 6096.53
1.209 28018.2 6088.5
1.21 28064.5 6080.42
1.211 28110.9 6072.28
1.212 28157.3 6064.09
1.213 28203.8 6055.85
1.214 28250.3 6047.56
1.215 28296.8 6039.22
1.216 28343.4 6030.82
1.217 28390 6022.37
1.218 28436.7 6013.87
1.219 28483.4 6005.32
1.22 28530.1 5996.72
1.221 28576.9 5988.06
1.222 28623.7 5979.35
1.223 28670.5 5970.59
1.224 28717.4 5961.77
1.225 28764.3 5952.9
1.226 28811.3 5943.98
1.227 28858.3 5935.01
1.228 28905.4 5925.98
1.229 28952.4 5916.9
1.23 28999.5 5907.77
1.231 29046.7 5898.58
1.232 29093.9 5889.35
1.233 29141.1 5880.05
1.234 29188.4 5870.71
1.235 29235.7 5861.31
1.236 29283 5851.85
1.237 29330.4 5842.35
1.238 29377.8 5832.79
1.239 29425.3 5823.17
1.24 29472.8 5813.51
1.241 29520.3 5803.78
1.242 29567.9 5794.01
1.243 29615.5 5784.18
1.244 29663.2 5774.29
1.245 29710.9 5764.36
1.246 29758.6 5754.36
1.247 29806.4 5744.32
1.248 29854.2 5734.21
1.249 29902 5724.06
1.25 29949.9 5713.85
1.251 29997.8 5703.58
1.252 30045.8 5693.26
1.253 30093.8 5682.89
1.254 30141.8 5672.46
1.255 30189.9 5661.97
1.256 30238 5651.43
1.257 30286.1 5640.84
1.258 30334.3 5630.19
1.259 30382.6 5619.48
1.26 30430.8 5608.72
1.261 30479.1 5597.9
1.262 30527.5 5587.03
1.263 30575.8 5576.11
1.264 30624.3 5565.12
1.265 30672.7 5554.08
1.266 30721.2 5542.99
1.267 30769.7 5531.84
1.268 30818.3 5520.63
1.269 30866.9 5509.37
1.27 30915.6 5498.05
1.271 30964.3 5486.68
1.272 31013 5475.25
1.273 31061.7 5463.76
1.274 31110.5 5452.22
1.275 31159.4 5440.62
1.276 31208.3 5428.96
1.277 31257.2 5417.25
1.278 31306.1 5405.48
1.279 31355.1 5393.65
1.28 31404.2 5381.77
1.281 31453.2 5369.83
1.282 31502.3 5357.83
1.283 31551.5 5345.77
1.284 31600.7 5333.66
1.285 31649.9 5321.49
1.286 31699.1 5309.27
1.287 31748.4 5296.98
1.288 31797.8 5284.64
1.289 31847.2 5272.24
1.29 31896.6 5259.79
1.291 31946 5247.27
1.292 31995.5 5234.7
1.293 32045 5222.07
1.294 32094.6 5209.39
1.295 32144.2 5196.64
1.296 32193.9 5183.84
1.297 32243.5 5170.98
1.298 32293.3 5158.06
1.299 32343 5145.08
1.3 32392.8 5132.05
1.301 32442.6 5118.95
1.302 32492.5 5105.8
1.303 32542.4 5092.59
1.304 32592.4 5079.32
1.305 32642.4 5065.99
1.306 32692.4 5052.6
1.307 32742.5 5039.15
1.308 32792.6 5025.65
1.309 32842.7 5012.09
1.31 32892.9 4998.46
1.311 32943.1 4984.78
1.312 32993.4 4971.04
1.313 33043.7 4957.24
1.314 33094 4943.38
1.315 33144.4 4929.46
1.316 33194.8 4915.48
1.317 33245.2 4901.44
1.318 33295.7 4887.34
1.319 33346.2 4873.18
1.32 33396.8 4858.96
1.321 33447.4 4844.69
1.322 33498 4830.35
1.323 33548.7 4815.95
1.324 33599.4 4801.49
1.325 33650.2 4786.97
1.326 33701 4772.4
1.327 33751.8 4757.76
1.328 33802.7 4743.06
1.329 33853.6 4728.3
1.33 33904.5 4713.48
1.331 33955.5 4698.6
1.332 34006.5 4683.66
1.333 34057.6 4668.65
1.334 34108.7 4653.59
1.335 34159.8 4638.47
1.336 34211 4623.28
1.337 34262.2 4608.03
1.338 34313.5 4592.73
1.339 34364.8 4577.36
1.34 34416.1 4561.93
1.341 34467.5 4546.44
1.342 34518.9 4530.88
1.343 34570.3 4515.27
1.344 34621.8 4499.59
1.345 34673.3 4483.86
1.346 34724.9 4468.06
1.347 34776.5 4452.2
1.348 34828.1 4436.27
1.349 34879.8 4420.29
1.35 34931.5 4404.24
1.351 34983.2 4388.13
1.352 35035 4371.96
1.353 35086.9 4355.73
1.354 35138.7 4339.43
1.355 35190.6 4323.07
1.356 35242.6 4306.65
1.357 35294.5 4290.17
1.358 35346.6 4273.62
1.359 35398.6 4257.01
1.36 35450.7 4240.34
1.361 35502.9 4223.61
1.362 35555 4206.81
1.363 35607.2 4189.95
1.364 35659.5 4173.03
1.365 35711.8 4156.04
1.366 35764.1 4138.99
1.367 35816.5 4121.88
1.368 35868.9 4104.7
1.369 35921.3 4087.46
1.37 35973.8 4070.16
1.371 36026.3 4052.79
1.372 36078.8 4035.36
1.373 36131.4 4017.86
1.374 36184.1 4000.31
1.375 36236.7 3982.68
1.376 36289.5 3965
1.377 36342.2 3947.25
1.378 36395 3929.43
1.379 36447.8 3911.55
1.38 36500.7 3893.61
1.381 36553.6 3875.6
1.382 36606.5 3857.53
1.383 36659.5 3839.4
1.384 36712.5 3821.2
1.385 36765.5 3802.93
1.386 36818.6 3784.6
1.387 36871.8 3766.2
1.388 36924.9 3747.74
1.389 36978.1 3729.22
1.39 37031.4 3710.63
1.391 37084.7 3691.98
1.392 37138 3673.26
1.393 37191.3 3654.47
1.394 37244.7 3635.62
1.395 37298.2 3616.7
1.396 37351.7 3597.72
1.397 37405.2 3578.67
1.398 37458.7 3559.56
1.399 37512.3 3540.38
1.4 37565.9 3521.14
1.401 37619.6 3501.83
1.402 37673.3 3482.45
1.403 37727 3463.01
1.404 37780.8 3443.5
1.405 37834.6 3423.93
1.406 37888.5 3404.29
1.407 37942.4 3384.58
1.408 37996.3 3364.81
1.409 38050.3 3344.97
1.41 38104.3 3325.07
1.411 38158.4 3305.09
1.412 38212.5 3285.05
1.413 38266.6 3264.95
1.414 38320.7 3244.78
1.415 38374.9 3224.54
1.416 38429.2 3204.23
1.417 38483.5 3183.86
1.418 38537.8 3163.42
1.419 38592.1 3142.91
1.42 38646.5 3122.33
1.421 38701 3101.69
1.422 38755.4 3080.98
1.423 38809.9 3060.2
1.424 38864.5 3039.36
1.425 38919.1 3018.45
1.426 38973.7 2997.47
1.427 39028.4 2976.42
1.428 39083.1 2955.3
1.429 39137.8 2934.12
1.43 39192.6 2912.87
1.431 39247.4 2891.55
1.432 39302.2 2870.16
1.433 39357.1 2848.71
1.434 39412.1 2827.18
1.435 39467 2805.59
1.436 39522 2783.93
1.437 39577.1 2762.2
1.438 39632.2 2740.4
1.439 39687.3 2718.53
1.44 39742.4 2696.6
1.441 39797.6 2674.59
1.442 39852.9 2652.52
1.443 39908.1 2630.38
1.444 39963.5 2608.17
1.445 40018.8 2585.89
1.446 40074.2 2563.54
1.447 40129.6 2541.12
1.448 40185.1 2518.63
1.449 40240.6 2496.07
1.45 40296.1 2473.44
1.451 40351.7 2450.75
1.452 40407.3 2427.98
1.453 40463 2405.15
1.454 40518.7 2382.24
1.455 40574.4 2359.26
1.456 40630.2 2336.22
1.457 40686 2313.1
1.458 40741.9 2289.92
1.459 40797.7 2266.66
1.46 40853.7 2243.34
1.461 40909.6 2219.94
1.462 40965.6 2196.47
1.463 41021.7 2172.94
1.464 41077.8 2149.33
1.465 41133.9 2125.65
1.466 41190 2101.9
1.467 41246.2 2078.08
1.468 41302.5 2054.19
1.469 41358.7 2030.23
1.47 41415 2006.2
1.471 41471.4 1982.09
1.472 41527.8 1957.92
1.473 41584.2 1933.67
1.474 41640.7 1909.36
1.475 41697.2 1884.97
1.476 41753.7 1860.51
1.477 41810.3 1835.98
1.478 41866.9 1811.38
1.479 41923.5 1786.7
1.48 41980.2 1761.95
1.481 42037 1737.14
1.482 42093.7 1712.25
1.483 42150.5 1687.29
1.484 42207.4 1662.25
1.485 42264.3 1637.15
1.486 42321.2 1611.97
1.487 42378.1 1586.72
1.488 42435.1 1561.4
1.489 42492.2 1536
1.49 42549.3 1510.53
1.491 42606.4 1484.99
1.492 42663.5 1459.38
1.493 42720.7 1433.7
1.494 42777.9 1407.94
1.495 42835.2 1382.11
1.496 42892.5 1356.2
1.497 42949.9 1330.23
1.498 43007.2 1304.18
1.499 43064.7 1278.05
1.5 43122.1 1251.86
1.501 43179.6 1225.59
1.502 43237.1 1199.25
1.503 43294.7 1172.83
1.504 43352.3 1146.34
1.505 43410 1119.78
1.506 43467.7 1093.14
1.507 43525.4 1066.43
1.508 43583.2 1039.65
1.509 43641 1012.79
1.51 43698.8 985.857
1.511 43756.7 958.851
1.512 43814.6 931.771
1.513 43872.5 904.616
1.514 43930.5 877.388
1.515 43988.6 850.085
1.516 44046.6 822.707
1.517 44104.8 795.256
1.518 44162.9 767.729
1.519 44221.1 740.129
1.52 44279.3 712.453
1.521 44337.6 684.703
1.522 44395.9 656.877
1.523 44454.2 628.977
1.524 44512.6 601.002
1.525 44571 572.952
1.526 44629.5 544.827
1.527 44688 516.626
1.528 44746.5 488.351
1.529 44805 460
1.53 44863.7 431.573
1.531 44922.3 403.071
1.532 44981 374.493
1.533 45039.7 345.84
1.534 45098.5 317.111
1.535 45157.3 288.306
1.536 45216.1 259.425
1.537 45275 230.469
1.538 45333.9 201.436
1.539 45392.8 172.327
1.54 45451.8 143.142
1.541 45510.9 113.881
1.542 45569.9 84.5437
1.543 45629 55.1297
1.544 45688.2 25.6393
1.545 45747.4 -3.9276
