0 0 0
0.001 0.0353553 0.0353305
0.002 0.106066 0.105917
0.003 0.212132 0.211686
0.004 0.353553 0.352562
0.005 0.53033 0.528471
0.006 0.742462 0.739339
0.007 0.989949 0.985091
0.008 1.27279 1.26565
0.009 1.59099 1.58095
0.01 1.94454 1.93091
0.011 2.33345 2.31545
0.012 2.75772 2.73451
0.013 3.21734 3.18801
0.014 3.71231 3.67587
0.015 4.24264 4.19802
0.016 4.80833 4.75438
0.017 5.40937 5.34489
0.018 6.04576 5.96946
0.019 6.71751 6.62802
0.02 7.42462 7.3205
0.021 8.16708 8.04683
0.022 8.9449 8.80692
0.023 9.75807 9.60071
0.024 10.6066 10.4281
0.025 11.4905 11.2891
0.026 12.4097 12.1835
0.027 13.3643 13.1113
0.028 14.3543 14.0725
0.029 15.3796 15.0668
0.03 16.4402 16.0944
0.031 17.5362 17.1551
0.032 18.6676 18.2488
0.033 19.8343 19.3754
0.034 21.0364 20.5349
0.035 22.2738 21.7272
0.036 23.5466 22.9523
0.037 24.8548 24.21
0.038 26.1983 25.5002
0.039 27.5771 26.823
0.04 28.9913 28.1782
0.041 30.4409 29.5658
0.042 31.9258 30.9856
0.043 33.446 32.4377
0.044 35.0017 33.9219
0.045 36.5926 35.4381
0.046 38.2189 36.9863
0.047 39.8806 38.5664
0.048 41.5777 40.1784
0.049 43.31 41.8221
0.05 45.0778 43.4975
0.051 46.8809 45.2046
0.052 48.7193 46.9431
0.053 50.5931 48.7131
0.054 52.5022 50.5145
0.055 54.4468 52.3473
0.056 56.4266 54.2112
0.057 58.4418 56.1064
0.058 60.4924 58.0326
0.059 62.5783 59.9898
0.06 64.6996 61.978
0.061 66.8563 63.9971
0.062 69.0483 66.047
0.063 71.2757 68.1276
0.064 73.5385 70.2388
0.065 75.8366 72.3806
0.066 78.17 74.553
0.067 80.5389 76.7557
0.068 82.9431 78.9889
0.069 85.3827 81.2523
0.07 87.8576 83.5459
0.071 90.3679 85.8696
0.072 92.9136 88.2235
0.073 95.4946 90.6073
0.074 98.1111 93.021
0.075 100.763 95.4645
0.076 103.45 97.9378
0.077 106.172 100.441
0.078 108.93 102.973
0.079 111.724 105.536
0.08 114.552 108.127
0.081 117.416 110.748
0.082 120.315 113.399
0.083 123.25 116.078
0.084 126.22 118.787
0.085 129.226 121.525
0.086 132.266 124.291
0.087 135.343 127.087
0.088 138.454 129.912
0.089 141.601 132.765
0.09 144.783 135.647
0.091 148.001 138.558
0.092 151.254 141.498
0.093 154.542 144.465
0.094 157.866 147.462
0.095 161.225 150.486
0.096 164.619 153.539
0.097 168.049 156.62
0.098 171.514 159.73
0.099 175.014 162.867
0.1 178.55 166.032
0.101 182.121 169.225
0.102 185.728 172.446
0.103 189.37 175.695
0.104 193.047 178.971
0.105 196.76 182.275
0.106 200.508 185.607
0.107 204.291 188.966
0.108 208.11 192.352
0.109 211.964 195.766
0.11 215.853 199.206
0.111 219.778 202.674
0.112 223.738 206.17
0.113 227.734 209.692
0.114 231.765 213.241
0.115 235.831 216.817
0.116 239.932 220.419
0.117 244.069 224.049
0.118 248.242 227.705
0.119 252.449 231.387
0.12 256.692 235.096
0.121 260.971 238.832
0.122 265.284 242.593
0.123 269.634 246.381
0.124 274.018 250.196
0.125 278.438 254.036
0.126 282.893 257.902
0.127 287.384 261.795
0.128 291.909 265.713
0.129 296.471 269.657
0.13 301.067 273.627
0.131 305.699 277.622
0.132 310.367 281.643
0.133 315.069 285.69
0.134 319.807 289.762
0.135 324.581 293.859
0.136 329.389 297.982
0.137 334.234 302.13
0.138 339.113 306.303
0.139 344.028 310.501
0.14 348.978 314.724
0.141 353.964 318.972
0.142 358.984 323.245
0.143 364.041 327.543
0.144 369.132 331.865
0.145 374.259 336.212
0.146 379.422 340.583
0.147 384.619 344.979
0.148 389.852 349.4
0.149 395.121 353.845
0.15 400.425 358.314
0.151 405.764 362.807
0.152 411.138 367.324
0.153 416.548 371.865
0.154 421.993 376.431
0.155 427.474 381.02
0.156 432.99 385.633
0.157 438.541 390.269
0.158 444.128 394.93
0.159 449.75 399.613
0.16 455.407 404.321
0.161 461.1 409.052
0.162 466.828 413.806
0.163 472.591 418.583
0.164 478.39 423.384
0.165 484.224 428.208
0.166 490.094 433.055
0.167 495.999 437.925
0.168 501.939 442.818
0.169 507.914 447.733
0.17 513.925 452.672
0.171 519.972 457.633
0.172 526.053 462.616
0.173 532.17 467.623
0.174 538.323 472.651
0.175 544.51 477.703
0.176 550.734 482.776
0.177 556.992 487.872
0.178 563.286 492.99
0.179 569.615 498.129
0.18 575.979 503.291
0.181 582.379 508.475
0.182 588.815 513.681
0.183 595.285 518.909
0.184 601.791 524.158
0.185 608.333 529.429
0.186 614.909 534.722
0.187 621.521 540.036
0.188 628.169 545.371
0.189 634.851 550.728
0.19 641.57 556.106
0.191 648.323 561.505
0.192 655.112 566.926
0.193 661.936 572.367
0.194 668.796 577.83
0.195 675.69 583.313
0.196 682.621 588.817
0.197 689.586 594.342
0.198 696.587 599.888
0.199 703.624 605.454
0.2 710.695 611.041
0.201 717.802 616.648
0.202 724.945 622.276
0.203 732.123 627.924
0.204 739.336 633.592
0.205 746.584 639.28
0.206 753.868 644.989
0.207 761.187 650.717
0.208 768.542 656.465
0.209 775.932 662.234
0.21 783.357 668.022
0.211 790.818 673.83
0.212 798.314 679.657
0.213 805.845 685.504
0.214 813.412 691.37
0.215 821.014 697.256
0.216 828.651 703.161
0.217 836.324 709.086
0.218 844.032 715.03
0.219 851.776 720.992
0.22 859.555 726.974
0.221 867.369 732.975
0.222 875.218 738.995
0.223 883.103 745.033
0.224 891.024 751.091
0.225 898.979 757.167
0.226 906.97 763.261
0.227 914.997 769.374
0.228 923.058 775.506
0.229 931.156 781.656
0.23 939.288 787.824
0.231 947.456 794.01
0.232 955.659 800.215
0.233 963.898 806.438
0.234 972.171 812.678
0.235 980.481 818.937
0.236 988.825 825.213
0.237 997.205 831.508
0.238 1005.62 837.82
0.239 1014.07 844.149
0.24 1022.56 850.496
0.241 1031.08 856.861
0.242 1039.64 863.243
0.243 1048.23 869.643
0.244 1056.86 876.059
0.245 1065.52 882.493
0.246 1074.22 888.944
0.247 1082.95 895.412
0.248 1091.72 901.897
0.249 1100.52 908.399
0.25 1109.36 914.918
0.251 1118.24 921.453
0.252 1127.15 928.005
0.253 1136.09 934.574
0.254 1145.07 941.159
0.255 1154.09 947.76
0.256 1163.14 954.378
0.257 1172.23 961.013
0.258 1181.35 967.663
0.259 1190.51 974.33
0.26 1199.7 981.013
0.261 1208.93 987.711
0.262 1218.2 994.426
0.263 1227.5 1001.16
0.264 1236.83 1007.9
0.265 1246.2 1014.66
0.266 1255.61 1021.44
0.267 1265.05 1028.24
0.268 1274.52 1035.04
0.269 1284.03 1041.87
0.27 1293.58 1048.71
0.271 1303.16 1055.56
0.272 1312.78 1062.43
0.273 1322.43 1069.32
0.274 1332.12 1076.22
0.275 1341.84 1083.13
0.276 1351.6 1090.06
0.277 1361.4 1097.01
0.278 1371.23 1103.97
0.279 1381.09 1110.94
0.28 1390.99 1117.93
0.281 1400.93 1124.93
0.282 1410.9 1131.95
0.283 1420.91 1138.98
0.284 1430.95 1146.03
0.285 1441.03 1153.09
0.286 1451.14 1160.16
0.287 1461.29 1167.25
0.288 1471.47 1174.35
0.289 1481.69 1181.47
0.29 1491.94 1188.6
0.291 1502.23 1195.74
0.292 1512.56 1202.9
0.293 1522.92 1210.07
0.294 1533.31 1217.26
0.295 1543.74 1224.46
0.296 1554.21 1231.67
0.297 1564.71 1238.89
0.298 1575.25 1246.13
0.299 1585.82 1253.38
0.3 1596.43 1260.65
0.301 1607.07 1267.92
0.302 1617.75 1275.22
0.303 1628.46 1282.52
0.304 1639.21 1289.84
0.305 1649.99 1297.16
0.306 1660.81 1304.51
0.307 1671.67 1311.86
0.308 1682.56 1319.23
0.309 1693.48 1326.61
0.31 1704.45 1334
0.311 1715.44 1341.4
0.312 1726.47 1348.82
0.313 1737.54 1356.25
0.314 1748.64 1363.69
0.315 1759.78 1371.14
0.316 1770.96 1378.6
0.317 1782.16 1386.08
0.318 1793.41 1393.57
0.319 1804.69 1401.06
0.32 1816 1408.58
0.321 1827.35 1416.1
0.322 1838.74 1423.63
0.323 1850.16 1431.18
0.324 1861.61 1438.73
0.325 1873.11 1446.3
0.326 1884.63 1453.88
0.327 1896.2 1461.47
0.328 1907.79 1469.07
0.329 1919.43 1476.68
0.33 1931.09 1484.31
0.331 1942.8 1491.94
0.332 1954.54 1499.59
0.333 1966.31 1507.24
0.334 1978.12 1514.91
0.335 1989.97 1522.58
0.336 2001.85 1530.27
0.337 2013.76 1537.97
0.338 2025.71 1545.67
0.339 2037.7 1553.39
0.34 2049.72 1561.12
0.341 2061.78 1568.86
0.342 2073.87 1576.6
0.343 2086 1584.36
0.344 2098.16 1592.13
0.345 2110.36 1599.9
0.346 2122.6 1607.69
0.347 2134.86 1615.49
0.348 2147.17 1623.29
0.349 2159.51 1631.11
0.35 2171.89 1638.93
0.351 2184.3 1646.77
0.352 2196.74 1654.61
0.353 2209.22 1662.46
0.354 2221.74 1670.32
0.355 2234.29 1678.19
0.356 2246.88 1686.07
0.357 2259.5 1693.96
0.358 2272.16 1701.86
0.359 2284.86 1709.77
0.36 2297.58 1717.68
0.361 2310.35 1725.6
0.362 2323.15 1733.53
0.363 2335.98 1741.47
0.364 2348.85 1749.42
0.365 2361.76 1757.38
0.366 2374.7 1765.34
0.367 2387.68 1773.32
0.368 2400.69 1781.3
0.369 2413.74 1789.29
0.37 2426.82 1797.28
0.371 2439.94 1805.29
0.372 2453.09 1813.3
0.373 2466.28 1821.32
0.374 2479.5 1829.35
0.375 2492.76 1837.38
0.376 2506.06 1845.42
0.377 2519.39 1853.47
0.378 2532.75 1861.53
0.379 2546.15 1869.59
0.38 2559.59 1877.67
0.381 2573.06 1885.74
0.382 2586.57 1893.83
0.383 2600.11 1901.92
0.384 2613.69 1910.02
0.385 2627.3 1918.13
0.386 2640.95 1926.24
0.387 2654.63 1934.36
0.388 2668.35 1942.49
0.389 2682.11 1950.62
0.39 2695.9 1958.76
0.391 2709.72 1966.9
0.392 2723.58 1975.05
0.393 2737.48 1983.21
0.394 2751.41 1991.37
0.395 2765.38 1999.54
0.396 2779.38 2007.72
0.397 2793.42 2015.9
0.398 2807.49 2024.09
0.399 2821.6 2032.28
0.4 2835.74 2040.48
0.401 2849.92 2048.68
0.402 2864.13 2056.89
0.403 2878.38 2065.11
0.404 2892.67 2073.33
0.405 2906.99 2081.56
0.406 2921.34 2089.79
0.407 2935.73 2098.02
0.408 2950.16 2106.27
0.409 2964.62 2114.51
0.41 2979.12 2122.76
0.411 2993.65 2131.02
0.412 3008.22 2139.28
0.413 3022.82 2147.55
0.414 3037.46 2155.82
0.415 3052.14 2164.09
0.416 3066.84 2172.37
0.417 3081.59 2180.65
0.418 3096.37 2188.94
0.419 3111.18 2197.23
0.42 3126.03 2205.53
0.421 3140.92 2213.83
0.422 3155.84 2222.13
0.423 3170.8 2230.44
0.424 3185.79 2238.76
0.425 3200.82 2247.07
0.426 3215.88 2255.39
0.427 3230.98 2263.71
0.428 3246.11 2272.04
0.429 3261.28 2280.37
0.43 3276.48 2288.71
0.431 3291.72 2297.04
0.432 3307 2305.38
0.433 3322.31 2313.73
0.434 3337.65 2322.08
0.435 3353.04 2330.43
0.436 3368.45 2338.78
0.437 3383.9 2347.13
0.438 3399.39 2355.49
0.439 3414.91 2363.85
0.44 3430.47 2372.22
0.441 3446.06 2380.59
0.442 3461.69 2388.95
0.443 3477.36 2397.33
0.444 3493.06 2405.7
0.445 3508.79 2414.08
0.446 3524.56 2422.46
0.447 3540.37 2430.84
0.448 3556.21 2439.22
0.449 3572.08 2447.6
0.45 3587.99 2455.99
0.451 3603.94 2464.38
0.452 3619.92 2472.77
0.453 3635.94 2481.16
0.454 3651.99 2489.56
0.455 3668.08 2497.95
0.456 3684.2 2506.35
0.457 3700.36 2514.75
0.458 3716.56 2523.15
0.459 3732.79 2531.55
0.46 3749.05 2539.95
0.461 3765.35 2548.35
0.462 3781.69 2556.76
0.463 3798.06 2565.16
0.464 3814.46 2573.57
0.465 3830.91 2581.98
0.466 3847.38 2590.39
0.467 3863.9 2598.79
0.468 3880.44 2607.2
0.469 3897.03 2615.61
0.47 3913.64 2624.02
0.471 3930.3 2632.43
0.472 3946.99 2640.85
0.473 3963.71 2649.26
0.474 3980.47 2657.67
0.475 3997.27 2666.08
0.476 4014.1 2674.49
0.477 4030.96 2682.9
0.478 4047.87 2691.31
0.479 4064.8 2699.72
0.48 4081.77 2708.13
0.481 4098.78 2716.54
0.482 4115.82 2724.95
0.483 4132.9 2733.36
0.484 4150.02 2741.77
0.485 4167.17 2750.18
0.486 4184.35 2758.59
0.487 4201.57 2766.99
0.488 4218.82 2775.4
0.489 4236.11 2783.8
0.49 4253.44 2792.21
0.491 4270.8 2800.61
0.492 4288.2 2809.01
0.493 4305.63 2817.41
0.494 4323.1 2825.81
0.495 4340.6 2834.21
0.496 4358.14 2842.6
0.497 4375.71 2851
0.498 4393.32 2859.39
0.499 4410.96 2867.78
0.5 4428.64 2876.17
0.501 4446.36 2884.56
0.502 4464.11 2892.94
0.503 4481.89 2901.33
0.504 4499.71 2909.71
0.505 4517.57 2918.09
0.506 4535.46 2926.46
0.507 4553.39 2934.84
0.508 4571.35 2943.21
0.509 4589.35 2951.58
0.51 4607.38 2959.95
0.511 4625.45 2968.31
0.512 4643.55 2976.68
0.513 4661.69 2985.04
0.514 4679.86 2993.39
0.515 4698.07 3001.75
0.516 4716.32 3010.1
0.517 4734.6 3018.44
0.518 4752.91 3026.79
0.519 4771.27 3035.13
0.52 4789.65 3043.47
0.521 4808.07 3051.8
0.522 4826.53 3060.13
0.523 4845.02 3068.46
0.524 4863.55 3076.79
0.525 4882.11 3085.11
0.526 4900.71 3093.42
0.527 4919.35 3101.74
0.528 4938.02 3110.05
0.529 4956.72 3118.35
0.53 4975.46 3126.65
0.531 4994.24 3134.95
0.532 5013.05 3143.24
0.533 5031.89 3151.53
0.534 5050.77 3159.82
0.535 5069.69 3168.1
0.536 5088.64 3176.37
0.537 5107.63 3184.64
0.538 5126.65 3192.91
0.539 5145.71 3201.17
0.54 5164.81 3209.43
0.541 5183.93 3217.68
0.542 5203.1 3225.93
0.543 5222.3 3234.17
0.544 5241.53 3242.41
0.545 5260.8 3250.64
0.546 5280.11 3258.87
0.547 5299.45 3267.09
0.548 5318.83 3275.31
0.549 5338.24 3283.52
0.55 5357.69 3291.72
0.551 5377.17 3299.92
0.552 5396.69 3308.12
0.553 5416.24 3316.3
0.554 5435.83 3324.49
0.555 5455.45 3332.66
0.556 5475.11 3340.84
0.557 5494.81 3349
0.558 5514.54 3357.16
0.559 5534.3 3365.31
0.56 5554.1 3373.46
0.561 5573.94 3381.6
0.562 5593.81 3389.73
0.563 5613.72 3397.86
0.564 5633.66 3405.98
0.565 5653.64 3414.09
0.566 5673.65 3422.2
0.567 5693.7 3430.3
0.568 5713.78 3438.4
0.569 5733.9 3446.48
0.57 5754.05 3454.56
0.571 5774.24 3462.64
0.572 5794.47 3470.7
0.573 5814.73 3478.76
0.574 5835.03 3486.81
0.575 5855.36 3494.86
0.576 5875.72 3502.89
0.577 5896.13 3510.92
0.578 5916.56 3518.94
0.579 5937.03 3526.96
0.58 5957.54 3534.96
0.581 5978.09 3542.96
0.582 5998.66 3550.95
0.583 6019.28 3558.93
0.584 6039.93 3566.91
0.585 6060.61 3574.88
0.586 6081.33 3582.83
0.587 6102.09 3590.78
0.588 6122.88 3598.73
0.589 6143.71 3606.66
0.59 6164.57 3614.58
0.591 6185.46 3622.5
0.592 6206.4 3630.41
0.593 6227.36 3638.31
0.594 6248.37 3646.2
0.595 6269.4 3654.08
0.596 6290.48 3661.95
0.597 6311.59 3669.81
0.598 6332.73 3677.67
0.599 6353.91 3685.51
0.6 6375.13 3693.35
0.601 6396.38 3701.18
0.602 6417.66 3708.99
0.603 6438.98 3716.8
0.604 6460.34 3724.6
0.605 6481.73 3732.39
0.606 6503.16 3740.17
0.607 6524.62 3747.94
0.608 6546.12 3755.7
0.609 6567.65 3763.44
0.61 6589.22 3771.18
0.611 6610.83 3778.91
0.612 6632.47 3786.63
0.613 6654.14 3794.34
0.614 6675.85 3802.04
0.615 6697.6 3809.73
0.616 6719.38 3817.41
0.617 6741.19 3825.08
0.618 6763.04 3832.73
0.619 6784.93 3840.38
0.62 6806.85 3848.02
0.621 6828.81 3855.64
0.622 6850.8 3863.26
0.623 6872.83 3870.86
0.624 6894.9 3878.45
0.625 6917 3886.03
0.626 6939.13 3893.61
0.627 6961.3 3901.16
0.628 6983.5 3908.71
0.629 7005.75 3916.25
0.63 7028.02 3923.77
0.631 7050.33 3931.29
0.632 7072.68 3938.79
0.633 7095.06 3946.28
0.634 7117.48 3953.76
0.635 7139.93 3961.22
0.636 7162.42 3968.68
0.637 7184.94 3976.12
0.638 7207.5 3983.55
0.639 7230.1 3990.97
0.64 7252.72 3998.38
0.641 7275.39 4005.77
0.642 7298.09 4013.15
0.643 7320.82 4020.52
0.644 7343.6 4027.88
0.645 7366.4 4035.22
0.646 7389.24 4042.56
0.647 7412.12 4049.87
0.648 7435.03 4057.18
0.649 7457.98 4064.47
0.65 7480.96 4071.75
0.651 7503.98 4079.02
0.652 7527.04 4086.28
0.653 7550.12 4093.52
0.654 7573.25 4100.75
0.655 7596.41 4107.96
0.656 7619.6 4115.16
0.657 7642.83 4122.35
0.658 7666.1 4129.52
0.659 7689.4 4136.68
0.66 7712.74 4143.83
0.661 7736.11 4150.96
0.662 7759.52 4158.08
0.663 7782.96 4165.19
0.664 7806.44 4172.28
0.665 7829.95 4179.36
0.666 7853.5 4186.42
0.667 7877.08 4193.47
0.668 7900.7 4200.51
0.669 7924.36 4207.53
0.67 7948.05 4214.53
0.671 7971.77 4221.52
0.672 7995.54 4228.5
0.673 8019.33 4235.46
0.674 8043.16 4242.41
0.675 8067.03 4249.34
0.676 8090.93 4256.26
0.677 8114.87 4263.17
0.678 8138.84 4270.05
0.679 8162.85 4276.93
0.68 8186.9 4283.78
0.681 8210.98 4290.63
0.682 8235.09 4297.45
0.683 8259.24 4304.27
0.684 8283.42 4311.06
0.685 8307.65 4317.84
0.686 8331.9 4324.61
0.687 8356.19 4331.36
0.688 8380.52 4338.09
0.689 8404.88 4344.81
0.69 8429.28 4351.51
0.691 8453.71 4358.2
0.692 8478.18 4364.87
0.693 8502.68 4371.52
0.694 8527.22 4378.16
0.695 8551.8 4384.78
0.696 8576.41 4391.39
0.697 8601.05 4397.98
0.698 8625.73 4404.55
0.699 8650.45 4411.1
0.7 8675.2 4417.64
0.701 8699.98 4424.17
0.702 8724.8 4430.67
0.703 8749.66 4437.16
0.704 8774.55 4443.63
0.705 8799.48 4450.09
0.706 8824.44 4456.52
0.707 8849.44 4462.94
0.708 8874.48 4469.35
0.709 8899.55 4475.73
0.71 8924.65 4482.1
0.711 8949.79 4488.45
0.712 8974.97 4494.78
0.713 9000.18 4501.1
0.714 9025.42 4507.4
0.715 9050.7 4513.68
0.716 9076.02 4519.94
0.717 9101.37 4526.19
0.718 9126.76 4532.41
0.719 9152.18 4538.62
0.72 9177.64 4544.81
0.721 9203.13 4550.98
0.722 9228.66 4557.14
0.723 9254.23 4563.27
0.724 9279.83 4569.39
0.725 9305.46 4575.49
0.726 9331.13 4581.57
0.727 9356.84 4587.63
0.728 9382.58 4593.67
0.729 9408.36 4599.7
0.73 9434.17 4605.7
0.731 9460.01 4611.69
0.732 9485.9 4617.65
0.733 9511.81 4623.6
0.734 9537.77 4629.53
0.735 9563.76 4635.44
0.736 9589.78 4641.33
0.737 9615.84 4647.2
0.738 9641.93 4653.05
0.739 9668.06 4658.88
0.74 9694.23 4664.69
0.741 9720.43 4670.49
0.742 9746.67 4676.26
0.743 9772.94 4682.01
0.744 9799.24 4687.74
0.745 9825.59 4693.46
0.746 9851.96 4699.15
0.747 9878.38 4704.82
0.748 9904.82 4710.47
0.749 9931.31 4716.11
0.75 9957.83 4721.72
0.751 9984.38 4727.31
0.752 10011 4732.88
0.753 10037.6 4738.43
0.754 10064.3 4743.96
0.755 10091 4749.47
0.756 10117.7 4754.96
0.757 10144.4 4760.42
0.758 10171.3 4765.87
0.759 10198.1 4771.29
0.76 10225 4776.7
0.761 10251.9 4782.08
0.762 10278.8 4787.44
0.763 10305.8 4792.78
0.764 10332.8 4798.1
0.765 10359.9 4803.4
0.766 10386.9 4808.67
0.767 10414.1 4813.93
0.768 10441.2 4819.16
0.769 10468.4 4824.37
0.77 10495.6 4829.56
0.771 10522.9 4834.73
0.772 10550.2 4839.87
0.773 10577.5 4844.99
0.774 10604.9 4850.09
0.775 10632.3 4855.17
0.776 10659.7 4860.23
0.777 10687.2 4865.26
0.778 10714.7 4870.27
0.779 10742.3 4875.26
0.78 10769.8 4880.23
0.781 10797.4 4885.17
0.782 10825.1 4890.09
0.783 10852.8 4894.99
0.784 10880.5 4899.86
0.785 10908.3 4904.71
0.786 10936.1 4909.54
0.787 10963.9 4914.35
0.788 10991.7 4919.13
0.789 11019.6 4923.89
0.79 11047.6 4928.63
0.791 11075.5 4933.34
0.792 11103.5 4938.03
0.793 11131.6 4942.69
0.794 11159.7 4947.33
0.795 11187.8 4951.95
0.796 11215.9 4956.55
0.797 11244.1 4961.12
0.798 11272.3 4965.66
0.799 11300.6 4970.19
0.8 11328.9 4974.68
0.801 11357.2 4979.16
0.802 11385.5 4983.61
0.803 11413.9 4988.03
0.804 11442.4 4992.44
0.805 11470.8 4996.81
0.806 11499.3 5001.16
0.807 11527.8 5005.49
0.808 11556.4 5009.8
0.809 11585 5014.07
0.81 11613.7 5018.33
0.811 11642.3 5022.56
0.812 11671.1 5026.76
0.813 11699.8 5030.94
0.814 11728.6 5035.09
0.815 11757.4 5039.22
0.816 11786.2 5043.32
0.817 11815.1 5047.4
0.818 11844.1 5051.45
0.819 11873 5055.48
0.82 11902 5059.48
0.821 11931 5063.45
0.822 11960.1 5067.4
0.823 11989.2 5071.33
0.824 12018.3 5075.22
0.825 12047.5 5079.1
0.826 12076.7 5082.94
0.827 12106 5086.76
0.828 12135.2 5090.56
0.829 12164.6 5094.32
0.83 12193.9 5098.06
0.831 12223.3 5101.78
0.832 12252.7 5105.47
0.833 12282.2 5109.13
0.834 12311.6 5112.76
0.835 12341.2 5116.37
0.836 12370.7 5119.95
0.837 12400.3 5123.51
0.838 12430 5127.04
0.839 12459.6 5130.54
0.84 12489.3 5134.01
0.841 12519.1 5137.46
0.842 12548.8 5140.88
0.843 12578.6 5144.27
0.844 12608.5 5147.63
0.845 12638.4 5150.97
0.846 12668.3 5154.28
0.847 12698.2 5157.56
0.848 12728.2 5160.82
0.849 12758.2 5164.05
0.85 12788.3 5167.24
0.851 12818.4 5170.42
0.852 12848.5 5173.56
0.853 12878.7 5176.67
0.854 12908.8 5179.76
0.855 12939.1 5182.82
0.856 12969.3 5185.85
0.857 12999.6 5188.85
0.858 13030 5191.83
0.859 13060.4 5194.77
0.86 13090.8 5197.69
0.861 13121.2 5200.58
0.862 13151.7 5203.44
0.863 13182.2 5206.27
0.864 13212.8 5209.07
0.865 13243.3 5211.84
0.866 13274 5214.59
0.867 13304.6 5217.3
0.868 13335.3 5219.99
0.869 13366 5222.65
0.87 13396.8 5225.27
0.871 13427.6 5227.87
0.872 13458.4 5230.44
0.873 13489.3 5232.98
0.874 13520.2 5235.49
0.875 13551.1 5237.97
0.876 13582.1 5240.42
0.877 13613.1 5242.84
0.878 13644.2 5245.23
0.879 13675.2 5247.59
0.88 13706.4 5249.92
0.881 13737.5 5252.22
0.882 13768.7 5254.49
0.883 13799.9 5256.73
0.884 13831.2 5258.94
0.885 13862.5 5261.12
0.886 13893.8 5263.27
0.887 13925.2 5265.38
0.888 13956.6 5267.47
0.889 13988 5269.53
0.89 14019.5 5271.55
0.891 14051 5273.55
0.892 14082.5 5275.51
0.893 14114.1 5277.45
0.894 14145.7 5279.35
0.895 14177.3 5281.22
0.896 14209 5283.06
0.897 14240.7 5284.87
0.898 14272.5 5286.64
0.899 14304.3 5288.39
0.9 14336.1 5290.1
0.901 14368 5291.79
0.902 14399.8 5293.44
0.903 14431.8 5295.06
0.904 14463.7 5296.64
0.905 14495.7 5298.2
0.906 14527.8 5299.72
0.907 14559.8 5301.21
0.908 14591.9 5302.67
0.909 14624.1 5304.1
0.91 14656.3 5305.49
0.911 14688.5 5306.85
0.912 14720.7 5308.18
0.913 14753 5309.48
0.914 14785.3 5310.75
0.915 14817.7 5311.98
0.916 14850.1 5313.18
0.917 14882.5 5314.35
0.918 14914.9 5315.48
0.919 14947.4 5316.58
0.92 14980 5317.65
0.921 15012.5 5318.68
0.922 15045.1 5319.68
0.923 15077.8 5320.65
0.924 15110.4 5321.59
0.925 15143.1 5322.49
0.926 15175.9 5323.36
0.927 15208.7 5324.19
0.928 15241.5 5324.99
0.929 15274.3 5325.76
0.93 15307.2 5326.49
0.931 15340.1 5327.19
0.932 15373.1 5327.86
0.933 15406.1 5328.49
0.934 15439.1 5329.09
0.935 15472.2 5329.65
0.936 15505.3 5330.18
0.937 15538.4 5330.68
0.938 15571.6 5331.14
0.939 15604.8 5331.57
0.94 15638 5331.96
0.941 15671.3 5332.31
0.942 15704.6 5332.64
0.943 15737.9 5332.93
0.944 15771.3 5333.18
0.945 15804.7 5333.4
0.946 15838.2 5333.58
0.947 15871.6 5333.73
0.948 15905.2 5333.84
0.949 15938.7 5333.92
0.95 15972.3 5333.96
0.951 16005.9 5333.97
0.952 16039.6 5333.94
0.953 16073.3 5333.88
0.954 16107 5333.78
0.955 16140.8 5333.65
0.956 16174.6 5333.48
0.957 16208.4 5333.27
0.958 16242.3 5333.03
0.959 16276.2 5332.75
0.96 16310.2 5332.44
0.961 16344.1 5332.09
0.962 16378.2 5331.7
0.963 16412.2 5331.28
0.964 16446.3 5330.82
0.965 16480.4 5330.33
0.966 16514.6 5329.8
0.967 16548.8 5329.23
0.968 16583 5328.62
0.969 16617.2 5327.98
0.97 16651.5 5327.31
0.971 16685.9 5326.59
0.972 16720.2 5325.84
0.973 16754.6 5325.05
0.974 16789.1 5324.23
0.975 16823.6 5323.36
0.976 16858.1 5322.46
0.977 16892.6 5321.53
0.978 16927.2 5320.55
0.979 16961.8 5319.54
0.98 16996.5 5318.49
0.981 17031.2 5317.41
0.982 17065.9 5316.28
0.983 17100.6 5315.12
0.984 17135.4 5313.92
0.985 17170.3 5312.68
0.986 17205.1 5311.41
0.987 17240 5310.09
0.988 17274.9 5308.74
0.989 17309.9 5307.35
0.99 17344.9 5305.93
0.991 17380 5304.46
0.992 17415 5302.96
0.993 17450.2 5301.41
0.994 17485.3 5299.83
0.995 17520.5 5298.21
0.996 17555.7 5296.55
0.997 17590.9 5294.85
0.998 17626.2 5293.12
0.999 17661.6 5291.34
1 17696.9 5289.53
1.001 17732.3 5287.68
1.002 17767.7 5285.78
1.003 17803.2 5283.85
1.004 17838.7 5281.88
1.005 17874.2 5279.87
1.006 17909.8 5277.82
1.007 17945.4 5275.73
1.008 17981.1 5273.6
1.009 18016.7 5271.44
1.01 18052.4 5269.23
1.011 18088.2 5266.98
1.012 18124 5264.69
1.013 18159.8 5262.37
1.014 18195.6 5260
1.015 18231.5 5257.59
1.016 18267.5 5255.14
1.017 18303.4 5252.66
1.018 18339.4 5250.13
1.019 18375.4 5247.56
1.02 18411.5 5244.95
1.021 18447.6 5242.3
1.022 18483.7 5239.61
1.023 18519.9 5236.88
1.024 18556.1 5234.11
1.025 18592.4 5231.3
1.026 18628.6 5228.44
1.027 18665 5225.55
1.028 18701.3 5222.61
1.029 18737.7 5219.64
1.03 18774.1 5216.62
1.031 18810.6 5213.56
1.032 18847.1 5210.46
1.033 18883.6 5207.32
1.034 18920.1 5204.14
1.035 18956.7 5200.91
1.036 18993.4 5197.65
1.037 19030 5194.34
1.038 19066.7 5190.99
1.039 19103.5 5187.6
1.04 19140.3 5184.16
1.041 19177.1 5180.69
1.042 19213.9 5177.17
1.043 19250.8 5173.61
1.044 19287.7 5170.01
1.045 19324.6 5166.36
1.046 19361.6 5162.68
1.047 19398.7 5158.95
1.048 19435.7 5155.18
1.049 19472.8 5151.36
1.05 19509.9 5147.5
1.051 19547.1 5143.6
1.052 19584.3 5139.66
1.053 19621.5 5135.68
1.054 19658.8 5131.65
1.055 19696.1 5127.58
1.056 19733.4 5123.46
1.057 19770.8 5119.3
1.058 19808.2 5115.1
1.059 19845.7 5110.86
1.06 19883.1 5106.57
1.061 19920.6 5102.24
1.062 19958.2 5097.86
1.063 19995.8 5093.44
1.064 20033.4 5088.98
1.065 20071.1 5084.48
1.066 20108.8 5079.93
1.067 20146.5 5075.33
1.068 20184.2 5070.69
1.069 20222 5066.01
1.07 20259.9 5061.29
1.071 20297.7 5056.52
1.072 20335.7 5051.7
1.073 20373.6 5046.84
1.074 20411.6 5041.94
1.075 20449.6 5036.99
1.076 20487.6 5032
1.077 20525.7 5026.96
1.078 20563.8 5021.88
1.079 20602 5016.75
1.08 20640.2 5011.58
1.081 20678.4 5006.36
1.082 20716.6 5001.1
1.083 20754.9 4995.79
1.084 20793.3 4990.44
1.085 20831.6 4985.04
1.086 20870 4979.6
1.087 20908.5 4974.11
1.088 20946.9 4968.58
1.089 20985.4 4963
1.09 21024 4957.37
1.091 21062.6 4951.7
1.092 21101.2 4945.98
1.093 21139.8 4940.22
1.094 21178.5 4934.41
1.095 21217.2 4928.56
1.096 21256 4922.66
1.097 21294.8 4916.71
1.098 21333.6 4910.72
1.099 21372.4 4904.68
1.1 21411.3 4898.59
1.101 21450.3 4892.46
1.102 21489.2 4886.28
1.103 21528.2 4880.06
1.104 21567.3 4873.78
1.105 21606.3 4867.46
1.106 21645.4 4861.1
1.107 21684.6 4854.69
1.108 21723.8 4848.23
1.109 21763 4841.72
1.11 21802.2 4835.16
1.111 21841.5 4828.56
1.112 21880.8 4821.92
1.113 21920.2 4815.22
1.114 21959.6 4808.48
1.115 21999 4801.69
1.116 22038.4 4794.85
1.117 22077.9 4787.96
1.118 22117.5 4781.03
1.119 22157 4774.05
1.12 22196.6 4767.02
1.121 22236.3 4759.94
1.122 22275.9 4752.81
1.123 22315.7 4745.64
1.124 22355.4 4738.42
1.125 22395.2 4731.15
1.126 22435 4723.83
1.127 22474.8 4716.46
1.128 22514.7 4709.05
1.129 22554.6 4701.58
1.13 22594.6 4694.07
1.131 22634.6 4686.51
1.132 22674.6 4678.9
1.133 22714.7 4671.24
1.134 22754.8 4663.53
1.135 22794.9 4655.78
1.136 22835.1 4647.97
1.137 22875.3 4640.12
1.138 22915.5 4632.21
1.139 22955.8 4624.26
1.14 22996.1 4616.26
1.141 23036.4 4608.2
1.142 23076.8 4600.1
1.143 23117.2 4591.95
1.144 23157.7 4583.75
1.145 23198.2 4575.5
1.146 23238.7 4567.2
1.147 23279.2 4558.85
1.148 23319.8 4550.45
1.149 23360.5 4542
1.15 23401.1 4533.5
1.151 23441.8 4524.95
1.152 23482.6 4516.34
1.153 23523.3 4507.69
1.154 23564.1 4498.99
1.155 23605 4490.24
1.156 23645.8 4481.44
1.157 23686.8 4472.58
1.158 23727.7 4463.68
1.159 23768.7 4454.72
1.16 23809.7 4445.72
1.161 23850.7 4436.66
1.162 23891.8 4427.55
1.163 23933 4418.39
1.164 23974.1 4409.18
1.165 24015.3 4399.92
1.166 24056.5 4390.61
1.167 24097.8 4381.25
1.168 24139.1 4371.83
1.169 24180.4 4362.36
1.17 24221.8 4352.84
1.171 24263.2 4343.27
1.172 24304.6 4333.65
1.173 24346.1 4323.98
1.174 24387.6 4314.25
1.175 24429.2 4304.48
1.176 24470.8 4294.65
1.177 24512.4 4284.76
1.178 24554 4274.83
1.179 24595.7 4264.84
1.18 24637.4 4254.8
1.181 24679.2 4244.71
1.182 24721 4234.57
1.183 24762.8 4224.37
1.184 24804.7 4214.12
1.185 24846.6 4203.82
1.186 24888.5 4193.47
1.187 24930.5 4183.06
1.188 24972.5 4172.6
1.189 25014.5 4162.09
1.19 25056.6 4151.52
1.191 25098.7 4140.9
1.192 25140.9 4130.23
1.193 25183.1 4119.5
1.194 25225.3 4108.72
1.195 25267.5 4097.89
1.196 25309.8 4087
1.197 25352.1 4076.06
1.198 25394.5 4065.07
1.199 25436.9 4054.02
1.2 25479.3 4042.92
1.201 25521.8 4031.77
1.202 25564.3 4020.56
1.203 25606.8 4009.29
1.204 25649.4 3997.98
1.205 25692 3986.6
1.206 25734.6 3975.18
1.207 25777.3 3963.7
1.208 25820 3952.16
1.209 25862.8 3940.57
1.21 25905.6 3928.93
1.211 25948.4 3917.23
1.212 25991.2 3905.48
1.213 26034.1 3893.67
1.214 26077.1 3881.81
1.215 26120 3869.89
1.216 26163 3857.92
1.217 26206 3845.89
1.218 26249.1 3833.81
1.219 26292.2 3821.67
1.22 26335.4 3809.48
1.221 26378.5 3797.23
1.222 26421.7 3784.92
1.223 26465 3772.56
1.224 26508.3 3760.15
1.225 26551.6 3747.67
1.226 26594.9 3735.15
1.227 26638.3 3722.56
1.228 26681.7 3709.93
1.229 26725.2 3697.23
1.23 26768.7 3684.48
1.231 26812.2 3671.67
1.232 26855.8 3658.81
1.233 26899.4 3645.89
1.234 26943 3632.91
1.235 26986.7 3619.88
1.236 27030.4 3606.79
1.237 27074.1 3593.65
1.238 27117.9 3580.44
1.239 27161.7 3567.19
1.24 27205.5 3553.87
1.241 27249.4 3540.5
1.242 27293.3 3527.07
1.243 27337.3 3513.58
1.244 27381.3 3500.04
1.245 27425.3 3486.44
1.246 27469.3 3472.78
1.247 27513.4 3459.06
1.248 27557.6 3445.29
1.249 27601.7 3431.46
1.25 27645.9 3417.57
1.251 27690.1 3403.63
1.252 27734.4 3389.62
1.253 27778.7 3375.56
1.254 27823.1 3361.44
1.255 27867.4 3347.27
1.256 27911.8 3333.03
1.257 27956.3 3318.74
1.258 28000.8 3304.39
1.259 28045.3 3289.98
1.26 28089.8 3275.51
1.261 28134.4 3260.98
1.262 28179 3246.4
1.263 28223.7 3231.76
1.264 28268.4 3217.06
1.265 28313.1 3202.29
1.266 28357.9 3187.48
1.267 28402.7 3172.6
1.268 28447.5 3157.66
1.269 28492.4 3142.67
1.27 28537.3 3127.61
1.271 28582.2 3112.5
1.272 28627.2 3097.32
1.273 28672.2 3082.09
1.274 28717.3 3066.8
1.275 28762.4 3051.45
1.276 28807.5 3036.04
1.277 28852.6 3020.57
1.278 28897.8 3005.04
1.279 28943 2989.45
1.28 28988.3 2973.8
1.281 29033.6 2958.09
1.282 29078.9 2942.32
1.283 29124.3 2926.49
1.284 29169.7 2910.61
1.285 29215.1 2894.66
1.286 29260.6 2878.65
1.287 29306.1 2862.58
1.288 29351.6 2846.45
1.289 29397.2 2830.26
1.29 29442.8 2814.01
1.291 29488.5 2797.69
1.292 29534.2 2781.32
1.293 29579.9 2764.89
1.294 29625.6 2748.39
1.295 29671.4 2731.84
1.296 29717.3 2715.22
1.297 29763.1 2698.55
1.298 29809 2681.81
1.299 29854.9 2665.01
1.3 29900.9 2648.15
1.301 29946.9 2631.23
1.302 29992.9 2614.24
1.303 30039 2597.2
1.304 30085.1 2580.09
1.305 30131.3 2562.92
1.306 30177.4 2545.69
1.307 30223.7 2528.4
1.308 30269.9 2511.05
1.309 30316.2 2493.63
1.31 30362.5 2476.16
1.311 30408.9 2458.62
1.312 30455.3 2441.02
1.313 30501.7 2423.35
1.314 30548.1 2405.63
1.315 30594.6 2387.84
1.316 30641.2 2369.99
1.317 30687.7 2352.07
1.318 30734.3 2334.1
1.319 30781 2316.06
1.32 30827.6 2297.96
1.321 30874.4 2279.79
1.322 30921.1 2261.57
1.323 30967.9 2243.28
1.324 31014.7 2224.92
1.325 31061.5 2206.51
1.326 31108.4 2188.03
1.327 31155.4 2169.48
1.328 31202.3 2150.88
1.329 31249.3 2132.21
1.33 31296.3 2113.47
1.331 31343.4 2094.68
1.332 31390.5 2075.82
1.333 31437.6 2056.89
1.334 31484.8 2037.9
1.335 31532 2018.85
1.336 31579.2 1999.74
1.337 31626.5 1980.56
1.338 31673.8 1961.31
1.339 31721.2 1942
1.34 31768.5 1922.63
1.341 31816 1903.2
1.342 31863.4 1883.69
1.343 31910.9 1864.13
1.344 31958.4 1844.5
1.345 32006 1824.8
1.346 32053.6 1805.04
1.347 32101.2 1785.22
1.348 32148.9 1765.33
1.349 32196.6 1745.38
1.35 32244.3 1725.36
1.351 32292.1 1705.27
1.352 32339.9 1685.12
1.353 32387.7 1664.91
1.354 32435.6 1644.63
1.355 32483.5 1624.29
1.356 32531.4 1603.88
1.357 32579.4 1583.4
1.358 32627.4 1562.86
1.359 32675.5 1542.25
1.36 32723.6 1521.58
1.361 32771.7 1500.84
1.362 32819.9 1480.03
1.363 32868 1459.16
1.364 32916.3 1438.23
1.365 32964.5 1417.22
1.366 33012.8 1396.16
1.367 33061.2 1375.02
1.368 33109.5 1353.82
1.369 33158 1332.55
1.37 33206.4 1311.22
1.371 33254.9 1289.82
1.372 33303.4 1268.35
1.373 33351.9 1246.81
1.374 33400.5 1225.21
1.375 33449.1 1203.54
1.376 33497.8 1181.81
1.377 33546.5 1160.01
1.378 33595.2 1138.14
1.379 33644 1116.2
1.38 33692.7 1094.2
1.381 33741.6 1072.13
1.382 33790.4 1049.99
1.383 33839.3 1027.79
1.384 33888.3 1005.51
1.385 33937.3 983.172
1.386 33986.3 960.764
1.387 34035.3 938.288
1.388 34084.4 915.744
1.389 34133.5 893.133
1.39 34182.6 870.453
1.391 34231.8 847.706
1.392 34281 824.89
1.393 34330.3 802.006
1.394 34379.6 779.054
1.395 34428.9 756.033
1.396 34478.3 732.944
1.397 34527.7 709.787
1.398 34577.1 686.561
1.399 34626.6 663.266
1.4 34676.1 639.903
1.401 34725.6 616.471
1.402 34775.2 592.97
1.403 34824.8 569.4
1.404 34874.4 545.761
1.405 34924.1 522.053
1.406 34973.8 498.276
1.407 35023.6 474.429
1.408 35073.4 450.513
1.409 35123.2 426.528
1.41 35173 402.474
1.411 35222.9 378.35
1.412 35272.8 354.156
1.413 35322.8 329.893
1.414 35372.8 305.56
1.415 35422.8 281.157
1.416 35472.9 256.684
1.417 35523 232.141
1.418 35573.1 207.528
1.419 35623.3 182.845
1.42 35673.5 158.092
1.421 35723.8 133.269
1.422 35774.1 108.375
1.423 35824.4 83.4108
1.424 35874.7 58.3761
1.425 35925.1 33.2708
1.426 35975.5 8.09494
1.427 36026 -17.1517
