0 0 0
0.001 0.0498097 0.004333
0.002 0.149429 0.0583766
0.003 0.298858 0.162056
0.004 0.498097 0.315298
0.005 0.747146 0.518027
0.006 1.046 0.770169
0.007 1.39467 1.07165
0.008 1.79315 1.4224
0.009 2.24144 1.82233
0.01 2.73954 2.27138
0.011 3.28744 2.76947
0.012 3.88516 3.31653
0.013 4.53269 3.91248
0.014 5.23002 4.55725
0.015 5.97717 5.25077
0.016 6.77412 5.99295
0.017 7.62089 6.78373
0.018 8.51746 7.62303
0.019 9.46385 8.51077
0.02 10.46 9.44689
0.021 11.506 10.4313
0.022 12.6019 11.4639
0.023 13.7475 12.5447
0.024 14.9429 13.6736
0.025 16.1882 14.8504
0.026 17.4832 16.0752
0.027 18.8281 17.3479
0.028 20.2228 18.6683
0.029 21.6672 20.0364
0.03 23.1615 21.4522
0.031 24.7056 22.9155
0.032 26.2995 24.4262
0.033 27.9433 25.9844
0.034 29.6368 27.5899
0.035 31.3801 29.2427
0.036 33.1733 30.9427
0.037 35.0163 32.6897
0.038 36.909 34.4838
0.039 38.8516 36.3249
0.04 40.844 38.2128
0.041 42.8862 40.1476
0.042 44.9782 42.1291
0.043 47.12 44.1572
0.044 49.3117 46.232
0.045 51.5531 48.3532
0.046 53.8444 50.5209
0.047 56.1855 52.735
0.048 58.5763 54.9953
0.049 61.017 57.3019
0.05 63.5075 59.6546
0.051 66.0478 62.0534
0.052 68.638 64.4982
0.053 71.2779 66.9889
0.054 73.9677 69.5254
0.055 76.7072 72.1077
0.056 79.4966 74.7357
0.057 82.3358 77.4093
0.058 85.2248 80.1285
0.059 88.1636 82.8932
0.06 91.1522 85.7032
0.061 94.1907 88.5586
0.062 97.2789 91.4592
0.063 100.417 94.4051
0.064 103.605 97.396
0.065 106.843 100.432
0.066 110.13 103.513
0.067 113.467 106.639
0.068 116.855 109.809
0.069 120.291 113.024
0.07 123.778 116.284
0.071 127.315 119.589
0.072 130.901 122.938
0.073 134.537 126.332
0.074 138.223 129.769
0.075 141.959 133.252
0.076 145.745 136.778
0.077 149.58 140.348
0.078 153.466 143.963
0.079 157.401 147.621
0.08 161.386 151.324
0.081 165.42 155.07
0.082 169.505 158.86
0.083 173.639 162.694
0.084 177.823 166.571
0.085 182.057 170.492
0.086 186.341 174.457
0.087 190.675 178.464
0.088 195.058 182.515
0.089 199.491 186.61
0.09 203.974 190.747
0.091 208.507 194.928
0.092 213.09 199.151
0.093 217.722 203.418
0.094 222.404 207.727
0.095 227.136 212.08
0.096 231.918 216.474
0.097 236.75 220.912
0.098 241.632 225.392
0.099 246.563 229.915
0.1 251.544 234.48
0.101 256.575 239.087
0.102 261.656 243.737
0.103 266.786 248.429
0.104 271.967 253.163
0.105 277.197 257.939
0.106 282.477 262.757
0.107 287.807 267.617
0.108 293.186 272.519
0.109 298.616 277.462
0.11 304.095 282.448
0.111 309.624 287.475
0.112 315.203 292.543
0.113 320.832 297.653
0.114 326.51 302.804
0.115 332.239 307.996
0.116 338.017 313.23
0.117 343.845 318.505
0.118 349.722 323.821
0.119 355.65 329.178
0.12 361.627 334.576
0.121 367.655 340.015
0.122 373.732 345.495
0.123 379.858 351.015
0.124 386.035 356.576
0.125 392.261 362.177
0.126 398.538 367.819
0.127 404.864 373.502
0.128 411.24 379.225
0.129 417.665 384.988
0.13 424.141 390.791
0.131 430.666 396.634
0.132 437.241 402.518
0.133 443.866 408.441
0.134 450.541 414.404
0.135 457.265 420.407
0.136 464.04 426.45
0.137 470.864 432.533
0.138 477.738 438.655
0.139 484.662 444.816
0.14 491.635 451.017
0.141 498.659 457.258
0.142 505.732 463.538
0.143 512.855 469.857
0.144 520.028 476.215
0.145 527.251 482.612
0.146 534.523 489.048
0.147 541.845 495.523
0.148 549.218 502.037
0.149 556.64 508.59
0.15 564.111 515.182
0.151 571.633 521.812
0.152 579.204 528.48
0.153 586.825 535.187
0.154 594.496 541.933
0.155 602.217 548.717
0.156 609.988 555.539
0.157 617.808 562.399
0.158 625.678 569.298
0.159 633.598 576.234
0.16 641.568 583.209
0.161 649.588 590.221
0.162 657.657 597.271
0.163 665.777 604.359
0.164 673.946 611.485
0.165 682.165 618.648
0.166 690.433 625.848
0.167 698.752 633.087
0.168 707.12 640.362
0.169 715.538 647.675
0.17 724.006 655.025
0.171 732.524 662.412
0.172 741.092 669.836
0.173 749.709 677.297
0.174 758.376 684.795
0.175 767.093 692.33
0.176 775.86 699.902
0.177 784.677 707.51
0.178 793.543 715.156
0.179 802.46 722.837
0.18 811.426 730.555
0.181 820.442 738.31
0.182 829.507 746.1
0.183 838.623 753.927
0.184 847.788 761.791
0.185 857.003 769.69
0.186 866.268 777.625
0.187 875.583 785.597
0.188 884.948 793.604
0.189 894.362 801.647
0.19 903.826 809.726
0.191 913.34 817.84
0.192 922.904 825.99
0.193 932.518 834.175
0.194 942.181 842.396
0.195 951.894 850.653
0.196 961.657 858.944
0.197 971.47 867.271
0.198 981.333 875.633
0.199 991.245 884.03
0.2 1001.21 892.462
0.201 1011.22 900.929
0.202 1021.28 909.43
0.203 1031.39 917.967
0.204 1041.56 926.538
0.205 1051.77 935.144
0.206 1062.03 943.784
0.207 1072.34 952.459
0.208 1082.7 961.168
0.209 1093.11 969.911
0.21 1103.57 978.689
0.211 1114.08 987.501
0.212 1124.64 996.347
0.213 1135.25 1005.23
0.214 1145.91 1014.14
0.215 1156.62 1023.09
0.216 1167.38 1032.07
0.217 1178.19 1041.09
0.218 1189.05 1050.13
0.219 1199.96 1059.22
0.22 1210.91 1068.33
0.221 1221.92 1077.48
0.222 1232.98 1086.67
0.223 1244.09 1095.88
0.224 1255.25 1105.13
0.225 1266.45 1114.41
0.226 1277.71 1123.73
0.227 1289.02 1133.08
0.228 1300.38 1142.46
0.229 1311.78 1151.87
0.23 1323.24 1161.32
0.231 1334.75 1170.8
0.232 1346.3 1180.31
0.233 1357.91 1189.86
0.234 1369.56 1199.43
0.235 1381.27 1209.04
0.236 1393.03 1218.69
0.237 1404.83 1228.36
0.238 1416.69 1238.07
0.239 1428.59 1247.8
0.24 1440.55 1257.58
0.241 1452.55 1267.38
0.242 1464.6 1277.21
0.243 1476.71 1287.08
0.244 1488.86 1296.98
0.245 1501.07 1306.9
0.246 1513.32 1316.87
0.247 1525.62 1326.86
0.248 1537.98 1336.88
0.249 1550.38 1346.94
0.25 1562.83 1357.02
0.251 1575.34 1367.14
0.252 1587.89 1377.29
0.253 1600.49 1387.47
0.254 1613.14 1397.68
0.255 1625.84 1407.92
0.256 1638.6 1418.2
0.257 1651.4 1428.5
0.258 1664.25 1438.83
0.259 1677.15 1449.2
0.26 1690.1 1459.59
0.261 1703.1 1470.02
0.262 1716.15 1480.47
0.263 1729.25 1490.96
0.264 1742.4 1501.48
0.265 1755.6 1512.02
0.266 1768.85 1522.6
0.267 1782.15 1533.21
0.268 1795.5 1543.84
0.269 1808.9 1554.51
0.27 1822.35 1565.21
0.271 1835.85 1575.93
0.272 1849.4 1586.69
0.273 1863 1597.47
0.274 1876.65 1608.29
0.275 1890.34 1619.13
0.276 1904.09 1630
0.277 1917.89 1640.91
0.278 1931.74 1651.84
0.279 1945.64 1662.8
0.28 1959.58 1673.79
0.281 1973.58 1684.81
0.282 1987.63 1695.86
0.283 2001.72 1706.93
0.284 2015.87 1718.04
0.285 2030.07 1729.17
0.286 2044.31 1740.33
0.287 2058.61 1751.53
0.288 2072.95 1762.75
0.289 2087.35 1773.99
0.29 2101.79 1785.27
0.291 2116.29 1796.57
0.292 2130.83 1807.91
0.293 2145.43 1819.27
0.294 2160.07 1830.66
0.295 2174.77 1842.07
0.296 2189.51 1853.52
0.297 2204.31 1864.99
0.298 2219.15 1876.49
0.299 2234.04 1888.02
0.3 2248.99 1899.57
0.301 2263.98 1911.15
0.302 2279.02 1922.76
0.303 2294.12 1934.4
0.304 2309.26 1946.07
0.305 2324.45 1957.76
0.306 2339.69 1969.48
0.307 2354.99 1981.22
0.308 2370.33 1993
0.309 2385.72 2004.79
0.31 2401.16 2016.62
0.311 2416.65 2028.47
0.312 2432.19 2040.35
0.313 2447.79 2052.26
0.314 2463.43 2064.19
0.315 2479.12 2076.15
0.316 2494.86 2088.14
0.317 2510.65 2100.15
0.318 2526.49 2112.19
0.319 2542.38 2124.25
0.32 2558.32 2136.34
0.321 2574.31 2148.46
0.322 2590.35 2160.6
0.323 2606.44 2172.77
0.324 2622.57 2184.97
0.325 2638.76 2197.19
0.326 2655 2209.43
0.327 2671.29 2221.7
0.328 2687.63 2234
0.329 2704.02 2246.32
0.33 2720.45 2258.67
0.331 2736.94 2271.04
0.332 2753.48 2283.44
0.333 2770.07 2295.86
0.334 2786.7 2308.31
0.335 2803.39 2320.78
0.336 2820.13 2333.28
0.337 2836.91 2345.8
0.338 2853.75 2358.34
0.339 2870.64 2370.92
0.34 2887.57 2383.51
0.341 2904.56 2396.13
0.342 2921.59 2408.78
0.343 2938.68 2421.45
0.344 2955.81 2434.14
0.345 2973 2446.86
0.346 2990.23 2459.6
0.347 3007.52 2472.37
0.348 3024.85 2485.16
0.349 3042.24 2497.97
0.35 3059.67 2510.81
0.351 3077.15 2523.67
0.352 3094.69 2536.56
0.353 3112.27 2549.46
0.354 3129.91 2562.4
0.355 3147.59 2575.35
0.356 3165.32 2588.33
0.357 3183.1 2601.33
0.358 3200.94 2614.36
0.359 3218.82 2627.41
0.36 3236.75 2640.48
0.361 3254.73 2653.58
0.362 3272.76 2666.69
0.363 3290.85 2679.83
0.364 3308.98 2693
0.365 3327.16 2706.18
0.366 3345.39 2719.39
0.367 3363.67 2732.63
0.368 3382 2745.88
0.369 3400.38 2759.16
0.37 3418.81 2772.45
0.371 3437.29 2785.78
0.372 3455.82 2799.12
0.373 3474.4 2812.48
0.374 3493.03 2825.87
0.375 3511.71 2839.28
0.376 3530.44 2852.71
0.377 3549.22 2866.17
0.378 3568.05 2879.64
0.379 3586.93 2893.14
0.38 3605.85 2906.65
0.381 3624.83 2920.19
0.382 3643.86 2933.76
0.383 3662.94 2947.34
0.384 3682.07 2960.94
0.385 3701.24 2974.57
0.386 3720.47 2988.21
0.387 3739.75 3001.88
0.388 3759.08 3015.57
0.389 3778.45 3029.28
0.39 3797.88 3043.01
0.391 3817.35 3056.76
0.392 3836.88 3070.53
0.393 3856.46 3084.32
0.394 3876.08 3098.14
0.395 3895.76 3111.97
0.396 3915.48 3125.82
0.397 3935.26 3139.7
0.398 3955.08 3153.59
0.399 3974.96 3167.5
0.4 3994.88 3181.44
0.401 4014.86 3195.39
0.402 4034.88 3209.37
0.403 4054.96 3223.36
0.404 4075.08 3237.38
0.405 4095.25 3251.41
0.406 4115.48 3265.46
0.407 4135.75 3279.54
0.408 4156.07 3293.63
0.409 4176.45 3307.74
0.41 4196.87 3321.87
0.411 4217.34 3336.03
0.412 4237.86 3350.2
0.413 4258.44 3364.38
0.414 4279.06 3378.59
0.415 4299.73 3392.82
0.416 4320.45 3407.07
0.417 4341.22 3421.33
0.418 4362.04 3435.62
0.419 4382.92 3449.92
0.42 4403.84 3464.24
0.421 4424.81 3478.58
0.422 4445.83 3492.94
0.423 4466.9 3507.31
0.424 4488.02 3521.71
0.425 4509.19 3536.12
0.426 4530.41 3550.55
0.427 4551.68 3565
0.428 4573 3579.47
0.429 4594.37 3593.96
0.43 4615.78 3608.46
0.431 4637.25 3622.98
0.432 4658.77 3637.52
0.433 4680.34 3652.08
0.434 4701.96 3666.65
0.435 4723.63 3681.24
0.436 4745.34 3695.85
0.437 4767.11 3710.48
0.438 4788.93 3725.12
0.439 4810.8 3739.78
0.44 4832.71 3754.46
0.441 4854.68 3769.15
0.442 4876.7 3783.87
0.443 4898.76 3798.6
0.444 4920.88 3813.34
0.445 4943.05 3828.1
0.446 4965.26 3842.88
0.447 4987.53 3857.68
0.448 5009.84 3872.49
0.449 5032.21 3887.32
0.45 5054.62 3902.17
0.451 5077.09 3917.03
0.452 5099.6 3931.91
0.453 5122.17 3946.8
0.454 5144.78 3961.71
0.455 5167.45 3976.64
0.456 5190.16 3991.58
0.457 5212.93 4006.54
0.458 5235.74 4021.51
0.459 5258.6 4036.5
0.46 5281.52 4051.51
0.461 5304.48 4066.53
0.462 5327.49 4081.56
0.463 5350.55 4096.61
0.464 5373.67 4111.68
0.465 5396.83 4126.76
0.466 5420.04 4141.86
0.467 5443.3 4156.97
0.468 5466.62 4172.1
0.469 5489.98 4187.24
0.47 5513.39 4202.4
0.471 5536.85 4217.58
0.472 5560.36 4232.76
0.473 5583.92 4247.96
0.474 5607.53 4263.18
0.475 5631.19 4278.41
0.476 5654.9 4293.66
0.477 5678.66 4308.92
0.478 5702.47 4324.19
0.479 5726.33 4339.48
0.48 5750.24 4354.78
0.481 5774.2 4370.1
0.482 5798.21 4385.43
0.483 5822.27 4400.77
0.484 5846.38 4416.13
0.485 5870.54 4431.51
0.486 5894.75 4446.89
0.487 5919 4462.29
0.488 5943.31 4477.7
0.489 5967.67 4493.13
0.49 5992.08 4508.57
0.491 6016.54 4524.03
0.492 6041.04 4539.49
0.493 6065.6 4554.97
0.494 6090.21 4570.46
0.495 6114.86 4585.97
0.496 6139.57 4601.49
0.497 6164.33 4617.02
0.498 6189.13 4632.57
0.499 6213.99 4648.12
0.5 6238.89 4663.7
0.501 6263.85 4679.28
0.502 6288.86 4694.87
0.503 6313.91 4710.48
0.504 6339.02 4726.1
0.505 6364.17 4741.73
0.506 6389.38 4757.38
0.507 6414.63 4773.04
0.508 6439.93 4788.7
0.509 6465.29 4804.39
0.51 6490.69 4820.08
0.511 6516.15 4835.78
0.512 6541.65 4851.5
0.513 6567.2 4867.23
0.514 6592.81 4882.97
0.515 6618.46 4898.72
0.516 6644.16 4914.48
0.517 6669.91 4930.26
0.518 6695.72 4946.04
0.519 6721.57 4961.84
0.52 6747.47 4977.65
0.521 6773.42 4993.47
0.522 6799.42 5009.3
0.523 6825.48 5025.14
0.524 6851.58 5040.99
0.525 6877.73 5056.85
0.526 6903.93 5072.73
0.527 6930.18 5088.61
0.528 6956.48 5104.51
0.529 6982.83 5120.41
0.53 7009.23 5136.33
0.531 7035.68 5152.26
0.532 7062.18 5168.19
0.533 7088.73 5184.14
0.534 7115.33 5200.1
0.535 7141.98 5216.06
0.536 7168.68 5232.04
0.537 7195.43 5248.03
0.538 7222.22 5264.02
0.539 7249.07 5280.03
0.54 7275.97 5296.05
0.541 7302.92 5312.07
0.542 7329.92 5328.11
0.543 7356.96 5344.15
0.544 7384.06 5360.21
0.545 7411.21 5376.27
0.546 7438.41 5392.34
0.547 7465.65 5408.43
0.548 7492.95 5424.52
0.549 7520.3 5440.62
0.55 7547.69 5456.73
0.551 7575.14 5472.85
0.552 7602.64 5488.97
0.553 7630.18 5505.11
0.554 7657.78 5521.25
0.555 7685.42 5537.41
0.556 7713.12 5553.57
0.557 7740.86 5569.74
0.558 7768.66 5585.92
0.559 7796.5 5602.1
0.56 7824.4 5618.3
0.561 7852.34 5634.5
0.562 7880.34 5650.71
0.563 7908.38 5666.93
0.564 7936.47 5683.16
0.565 7964.62 5699.39
0.566 7992.81 5715.63
0.567 8021.05 5731.88
0.568 8049.35 5748.14
0.569 8077.69 5764.41
0.57 8106.08 5780.68
0.571 8134.52 5796.96
0.572 8163.02 5813.25
0.573 8191.56 5829.54
0.574 8220.15 5845.84
0.575 8248.79 5862.15
0.576 8277.48 5878.47
0.577 8306.22 5894.79
0.578 8335.02 5911.12
0.579 8363.86 5927.46
0.58 8392.75 5943.8
0.581 8421.69 5960.15
0.582 8450.68 5976.51
0.583 8479.72 5992.87
0.584 8508.81 6009.24
0.585 8537.95 6025.62
0.586 8567.14 6042
0.587 8596.38 6058.39
0.588 8625.67 6074.78
0.589 8655 6091.18
0.59 8684.39 6107.59
0.591 8713.83 6124
0.592 8743.32 6140.42
0.593 8772.86 6156.84
0.594 8802.45 6173.27
0.595 8832.08 6189.71
0.596 8861.77 6206.15
0.597 8891.51 6222.6
0.598 8921.3 6239.05
0.599 8951.13 6255.51
0.6 8981.02 6271.97
0.601 9010.96 6288.44
0.602 9040.94 6304.91
0.603 9070.98 6321.39
0.604 9101.07 6337.87
0.605 9131.2 6354.36
0.606 9161.39 6370.85
0.607 9191.62 6387.35
0.608 9221.91 6403.85
0.609 9252.25 6420.35
0.61 9282.63 6436.86
0.611 9313.07 6453.38
0.612 9343.55 6469.9
0.613 9374.08 6486.42
0.614 9404.67 6502.95
0.615 9435.3 6519.48
0.616 9465.99 6536.02
0.617 9496.72 6552.56
0.618 9527.5 6569.1
0.619 9558.34 6585.65
0.62 9589.22 6602.2
0.621 9620.15 6618.76
0.622 9651.14 6635.31
0.623 9682.17 6651.88
0.624 9713.25 6668.44
0.625 9744.38 6685.01
0.626 9775.57 6701.58
0.627 9806.8 6718.16
0.628 9838.08 6734.74
0.629 9869.41 6751.32
0.63 9900.79 6767.91
0.631 9932.22 6784.49
0.632 9963.7 6801.08
0.633 9995.23 6817.68
0.634 10026.8 6834.27
0.635 10058.4 6850.87
0.636 10090.1 6867.47
0.637 10121.9 6884.08
0.638 10153.6 6900.68
0.639 10185.5 6917.29
0.64 10217.3 6933.9
0.641 10249.3 6950.52
0.642 10281.3 6967.13
0.643 10313.3 6983.75
0.644 10345.4 7000.37
0.645 10377.5 7016.99
0.646 10409.7 7033.61
0.647 10441.9 7050.24
0.648 10474.2 7066.86
0.649 10506.5 7083.49
0.65 10538.9 7100.12
0.651 10571.3 7116.75
0.652 10603.8 7133.38
0.653 10636.3 7150.02
0.654 10668.9 7166.65
0.655 10701.5 7183.29
0.656 10734.2 7199.93
0.657 10766.9 7216.56
0.658 10799.7 7233.2
0.659 10832.5 7249.84
0.66 10865.4 7266.48
0.661 10898.3 7283.12
0.662 10931.3 7299.77
0.663 10964.3 7316.41
0.664 10997.4 7333.05
0.665 11030.5 7349.7
0.666 11063.7 7366.34
0.667 11096.9 7382.98
0.668 11130.2 7399.63
0.669 11163.5 7416.27
0.67 11196.9 7432.92
0.671 11230.3 7449.56
0.672 11263.8 7466.2
0.673 11297.3 7482.85
0.674 11330.9 7499.49
0.675 11364.5 7516.13
0.676 11398.2 7532.78
0.677 11431.9 7549.42
0.678 11465.7 7566.06
0.679 11499.5 7582.7
0.68 11533.4 7599.34
0.681 11567.3 7615.98
0.682 11601.3 7632.62
0.683 11635.3 7649.26
0.684 11669.4 7665.9
0.685 11703.5 7682.53
0.686 11737.6 7699.17
0.687 11771.9 7715.8
0.688 11806.1 7732.43
0.689 11840.5 7749.06
0.69 11874.8 7765.69
0.691 11909.2 7782.32
0.692 11943.7 7798.95
0.693 11978.2 7815.57
0.694 12012.8 7832.19
0.695 12047.4 7848.82
0.696 12082.1 7865.43
0.697 12116.8 7882.05
0.698 12151.6 7898.67
0.699 12186.4 7915.28
0.7 12221.3 7931.89
0.701 12256.2 7948.5
0.702 12291.1 7965.1
0.703 12326.2 7981.71
0.704 12361.2 7998.31
0.705 12396.4 8014.91
0.706 12431.5 8031.5
0.707 12466.7 8048.1
0.708 12502 8064.69
0.709 12537.3 8081.27
0.71 12572.7 8097.86
0.711 12608.1 8114.44
0.712 12643.6 8131.02
0.713 12679.1 8147.59
0.714 12714.6 8164.17
0.715 12750.3 8180.74
0.716 12785.9 8197.3
0.717 12821.6 8213.86
0.718 12857.4 8230.42
0.719 12893.2 8246.98
0.72 12929.1 8263.53
0.721 12965 8280.07
0.722 13001 8296.62
0.723 13037 8313.16
0.724 13073 8329.69
0.725 13109.2 8346.22
0.726 13145.3 8362.75
0.727 13181.5 8379.28
0.728 13217.8 8395.79
0.729 13254.1 8412.31
0.73 13290.5 8428.82
0.731 13326.9 8445.32
0.732 13363.3 8461.83
0.733 13399.9 8478.32
0.734 13436.4 8494.81
0.735 13473 8511.3
0.736 13509.7 8527.78
0.737 13546.4 8544.26
0.738 13583.2 8560.73
0.739 13620 8577.2
0.74 13656.8 8593.66
0.741 13693.7 8610.12
0.742 13730.7 8626.57
0.743 13767.7 8643.01
0.744 13804.8 8659.45
0.745 13841.9 8675.89
0.746 13879 8692.32
0.747 13916.3 8708.74
0.748 13953.5 8725.16
0.749 13990.8 8741.57
0.75 14028.2 8757.98
0.751 14065.6 8774.38
0.752 14103 8790.77
0.753 14140.6 8807.16
0.754 14178.1 8823.54
0.755 14215.7 8839.92
0.756 14253.4 8856.28
0.757 14291.1 8872.65
0.758 14328.8 8889
0.759 14366.6 8905.35
0.76 14404.5 8921.7
0.761 14442.4 8938.03
0.762 14480.4 8954.36
0.763 14518.4 8970.68
0.764 14556.4 8987
0.765 14594.5 9003.31
0.766 14632.7 9019.61
0.767 14670.9 9035.9
0.768 14709.2 9052.19
0.769 14747.5 9068.47
0.77 14785.8 9084.74
0.771 14824.2 9101
0.772 14862.7 9117.26
0.773 14901.2 9133.51
0.774 14939.7 9149.75
0.775 14978.3 9165.99
0.776 15017 9182.21
0.777 15055.7 9198.43
0.778 15094.4 9214.64
0.779 15133.2 9230.84
0.78 15172.1 9247.04
0.781 15211 9263.22
0.782 15250 9279.4
0.783 15289 9295.57
0.784 15328 9311.73
0.785 15367.1 9327.88
0.786 15406.3 9344.02
0.787 15445.5 9360.16
0.788 15484.7 9376.29
0.789 15524 9392.4
0.79 15563.4 9408.51
0.791 15602.8 9424.61
0.792 15642.2 9440.7
0.793 15681.7 9456.78
0.794 15721.3 9472.85
0.795 15760.9 9488.92
0.796 15800.5 9504.97
0.797 15840.2 9521.01
0.798 15880 9537.05
0.799 15919.8 9553.07
0.8 15959.6 9569.09
0.801 15999.5 9585.09
0.802 16039.5 9601.09
0.803 16079.5 9617.08
0.804 16119.5 9633.05
0.805 16159.6 9649.02
0.806 16199.8 9664.97
0.807 16240 9680.92
0.808 16280.2 9696.86
0.809 16320.5 9712.78
0.81 16360.9 9728.7
0.811 16401.3 9744.6
0.812 16441.7 9760.49
0.813 16482.2 9776.38
0.814 16522.7 9792.25
0.815 16563.3 9808.11
0.816 16604 9823.96
0.817 16644.7 9839.8
0.818 16685.4 9855.63
0.819 16726.2 9871.45
0.82 16767.1 9887.26
0.821 16808 9903.05
0.822 16848.9 9918.84
0.823 16889.9 9934.61
0.824 16930.9 9950.37
0.825 16972 9966.12
0.826 17013.2 9981.86
0.827 17054.4 9997.59
0.828 17095.6 10013.3
0.829 17136.9 10029
0.83 17178.3 10044.7
0.831 17219.7 10060.4
0.832 17261.1 10076
0.833 17302.6 10091.7
0.834 17344.1 10107.3
0.835 17385.7 10123
0.836 17427.4 10138.6
0.837 17469.1 10154.2
0.838 17510.8 10169.8
0.839 17552.6 10185.4
0.84 17594.4 10200.9
0.841 17636.3 10216.5
0.842 17678.3 10232
0.843 17720.3 10247.6
0.844 17762.3 10263.1
0.845 17804.4 10278.6
0.846 17846.5 10294.1
0.847 17888.7 10309.6
0.848 17931 10325
0.849 17973.3 10340.5
0.85 18015.6 10355.9
0.851 18058 10371.4
0.852 18100.4 10386.8
0.853 18142.9 10402.2
0.854 18185.5 10417.5
0.855 18228 10432.9
0.856 18270.7 10448.3
0.857 18313.4 10463.6
0.858 18356.1 10478.9
0.859 18398.9 10494.3
0.86 18441.7 10509.6
0.861 18484.6 10524.9
0.862 18527.6 10540.1
0.863 18570.5 10555.4
0.864 18613.6 10570.6
0.865 18656.7 10585.9
0.866 18699.8 10601.1
0.867 18743 10616.3
0.868 18786.2 10631.5
0.869 18829.5 10646.6
0.87 18872.9 10661.8
0.871 18916.2 10676.9
0.872 18959.7 10692.1
0.873 19003.2 10707.2
0.874 19046.7 10722.3
0.875 19090.3 10737.3
0.876 19133.9 10752.4
0.877 19177.6 10767.5
0.878 19221.3 10782.5
0.879 19265.1 10797.5
0.88 19309 10812.5
0.881 19352.8 10827.5
0.882 19396.8 10842.5
0.883 19440.8 10857.4
0.884 19484.8 10872.4
0.885 19528.9 10887.3
0.886 19573 10902.2
0.887 19617.2 10917.1
0.888 19661.4 10932
0.889 19705.7 10946.8
0.89 19750 10961.7
0.891 19794.4 10976.5
0.892 19838.8 10991.3
0.893 19883.3 11006.1
0.894 19927.9 11020.9
0.895 19972.4 11035.6
0.896 20017.1 11050.4
0.897 20061.8 11065.1
0.898 20106.5 11079.8
0.899 20151.3 11094.5
0.9 20196.1 11109.2
0.901 20241 11123.9
0.902 20285.9 11138.5
0.903 20330.9 11153.1
0.904 20375.9 11167.7
0.905 20421 11182.3
0.906 20466.1 11196.9
0.907 20511.3 11211.4
0.908 20556.5 11226
0.909 20601.8 11240.5
0.91 20647.1 11255
0.911 20692.5 11269.5
0.912 20737.9 11284
0.913 20783.4 11298.4
0.914 20829 11312.8
0.915 20874.5 11327.2
0.916 20920.2 11341.6
0.917 20965.8 11356
0.918 21011.6 11370.4
0.919 21057.3 11384.7
0.92 21103.2 11399
0.921 21149 11413.3
0.922 21195 11427.6
0.923 21240.9 11441.9
0.924 21287 11456.1
0.925 21333 11470.3
0.926 21379.2 11484.5
0.927 21425.3 11498.7
0.928 21471.6 11512.9
0.929 21517.8 11527
0.93 21564.2 11541.2
0.931 21610.5 11555.3
0.932 21657 11569.4
0.933 21703.4 11583.4
0.934 21750 11597.5
0.935 21796.5 11611.5
0.936 21843.2 11625.5
0.937 21889.8 11639.5
0.938 21936.6 11653.5
0.939 21983.3 11667.5
0.94 22030.2 11681.4
0.941 22077 11695.3
0.942 22124 11709.2
0.943 22170.9 11723.1
0.944 22217.9 11736.9
0.945 22265 11750.8
0.946 22312.1 11764.6
0.947 22359.3 11778.4
0.948 22406.5 11792.1
0.949 22453.8 11805.9
0.95 22501.1 11819.6
0.951 22548.5 11833.3
0.952 22595.9 11847
0.953 22643.4 11860.7
0.954 22690.9 11874.3
0.955 22738.5 11887.9
0.956 22786.1 11901.5
0.957 22833.8 11915.1
0.958 22881.5 11928.7
0.959 22929.3 11942.2
0.96 22977.1 11955.7
0.961 23024.9 11969.2
0.962 23072.9 11982.7
0.963 23120.8 11996.1
0.964 23168.9 12009.6
0.965 23216.9 12023
0.966 23265 12036.4
0.967 23313.2 12049.7
0.968 23361.4 12063.1
0.969 23409.7 12076.4
0.97 23458 12089.7
0.971 23506.4 12102.9
0.972 23554.8 12116.2
0.973 23603.3 12129.4
0.974 23651.8 12142.6
0.975 23700.3 12155.8
0.976 23749 12169
0.977 23797.6 12182.1
0.978 23846.3 12195.2
0.979 23895.1 12208.3
0.98 23943.9 12221.4
0.981 23992.8 12234.4
0.982 24041.7 12247.5
0.983 24090.7 12260.5
0.984 24139.7 12273.4
0.985 24188.7 12286.4
0.986 24237.9 12299.3
0.987 24287 12312.2
0.988 24336.2 12325.1
0.989 24385.5 12338
0.99 24434.8 12350.8
0.991 24484.2 12363.6
0.992 24533.6 12376.4
0.993 24583.1 12389.2
0.994 24632.6 12401.9
0.995 24682.1 12414.6
0.996 24731.7 12427.3
0.997 24781.4 12440
0.998 24831.1 12452.6
0.999 24880.9 12465.2
1 24930.7 12477.8
1.001 24980.5 12490.4
1.002 25030.5 12503
1.003 25080.4 12515.5
1.004 25130.4 12528
1.005 25180.5 12540.4
1.006 25230.6 12552.9
1.007 25280.8 12565.3
1.008 25331 12577.7
1.009 25381.2 12590.1
1.01 25431.5 12602.4
1.011 25481.9 12614.7
1.012 25532.3 12627
1.013 25582.8 12639.3
1.014 25633.3 12651.5
1.015 25683.8 12663.8
1.016 25734.4 12675.9
1.017 25785.1 12688.1
1.018 25835.8 12700.2
1.019 25886.6 12712.4
1.02 25937.4 12724.4
1.021 25988.2 12736.5
1.022 26039.1 12748.5
1.023 26090.1 12760.6
1.024 26141.1 12772.5
1.025 26192.2 12784.5
1.026 26243.3 12796.4
1.027 26294.4 12808.3
1.028 26345.6 12820.2
1.029 26396.9 12832.1
1.03 26448.2 12843.9
1.031 26499.6 12855.7
1.032 26551 12867.4
1.033 26602.4 12879.2
1.034 26653.9 12890.9
1.035 26705.5 12902.6
1.036 26757.1 12914.3
1.037 26808.7 12925.9
1.038 26860.4 12937.5
1.039 26912.2 12949.1
1.04 26964 12960.6
1.041 27015.8 12972.2
1.042 27067.8 12983.7
1.043 27119.7 12995.1
1.044 27171.7 13006.6
1.045 27223.8 13018
1.046 27275.9 13029.4
1.047 27328 13040.7
1.048 27380.2 13052
1.049 27432.5 13063.4
1.05 27484.8 13074.6
1.051 27537.1 13085.9
1.052 27589.5 13097.1
1.053 27642 13108.3
1.054 27694.5 13119.4
1.055 27747 13130.6
1.056 27799.6 13141.7
1.057 27852.3 13152.7
1.058 27905 13163.8
1.059 27957.7 13174.8
1.06 28010.5 13185.8
1.061 28063.4 13196.7
1.062 28116.3 13207.7
1.063 28169.2 13218.6
1.064 28222.2 13229.4
1.065 28275.3 13240.3
1.066 28328.4 13251.1
1.067 28381.5 13261.9
1.068 28434.7 13272.6
1.069 28488 13283.4
1.07 28541.3 13294
1.071 28594.6 13304.7
1.072 28648 13315.3
1.073 28701.5 13325.9
1.074 28755 13336.5
1.075 28808.5 13347.1
1.076 28862.1 13357.6
1.077 28915.8 13368.1
1.078 28969.5 13378.5
1.079 29023.2 13388.9
1.08 29077 13399.3
1.081 29130.8 13409.7
1.082 29184.7 13420
1.083 29238.7 13430.3
1.084 29292.7 13440.6
1.085 29346.7 13450.8
1.086 29400.8 13461
1.087 29455 13471.2
1.088 29509.2 13481.4
1.089 29563.4 13491.5
1.09 29617.7 13501.6
1.091 29672.1 13511.6
1.092 29726.4 13521.6
1.093 29780.9 13531.6
1.094 29835.4 13541.6
1.095 29889.9 13551.5
1.096 29944.5 13561.4
1.097 29999.2 13571.3
1.098 30053.9 13581.1
1.099 30108.6 13590.9
1.1 30163.4 13600.7
1.101 30218.2 13610.4
1.102 30273.1 13620.1
1.103 30328.1 13629.8
1.104 30383.1 13639.4
1.105 30438.1 13649
1.106 30493.2 13658.6
1.107 30548.3 13668.1
1.108 30603.5 13677.6
1.109 30658.8 13687.1
1.11 30714.1 13696.5
1.111 30769.4 13706
1.112 30824.8 13715.3
1.113 30880.2 13724.7
1.114 30935.7 13734
1.115 30991.3 13743.3
1.116 31046.9 13752.5
1.117 31102.5 13761.7
1.118 31158.2 13770.9
1.119 31213.9 13780.1
1.12 31269.7 13789.2
1.121 31325.5 13798.2
1.122 31381.4 13807.3
1.123 31437.4 13816.3
1.124 31493.4 13825.3
1.125 31549.4 13834.2
1.126 31605.5 13843.1
1.127 31661.6 13852
1.128 31717.8 13860.9
1.129 31774 13869.7
1.13 31830.3 13878.4
1.131 31886.7 13887.2
1.132 31943.1 13895.9
1.133 31999.5 13904.6
1.134 32056 13913.2
1.135 32112.5 13921.8
1.136 32169.1 13930.4
1.137 32225.7 13938.9
1.138 32282.4 13947.4
1.139 32339.2 13955.9
1.14 32395.9 13964.3
1.141 32452.8 13972.7
1.142 32509.7 13981
1.143 32566.6 13989.4
1.144 32623.6 13997.6
1.145 32680.6 14005.9
1.146 32737.7 14014.1
1.147 32794.8 14022.3
1.148 32852 14030.4
1.149 32909.3 14038.6
1.15 32966.5 14046.6
1.151 33023.9 14054.7
1.152 33081.3 14062.7
1.153 33138.7 14070.6
1.154 33196.2 14078.6
1.155 33253.7 14086.5
1.156 33311.3 14094.3
1.157 33368.9 14102.2
1.158 33426.6 14109.9
1.159 33484.3 14117.7
1.16 33542.1 14125.4
1.161 33599.9 14133.1
1.162 33657.8 14140.7
1.163 33715.8 14148.3
1.164 33773.7 14155.9
1.165 33831.8 14163.4
1.166 33889.8 14170.9
1.167 33948 14178.4
1.168 34006.2 14185.8
1.169 34064.4 14193.2
1.17 34122.7 14200.5
1.171 34181 14207.8
1.172 34239.4 14215.1
1.173 34297.8 14222.3
1.174 34356.3 14229.5
1.175 34414.8 14236.7
1.176 34473.4 14243.8
1.177 34532 14250.9
1.178 34590.7 14257.9
1.179 34649.4 14265
1.18 34708.2 14271.9
1.181 34767 14278.9
1.182 34825.9 14285.8
1.183 34884.8 14292.6
1.184 34943.8 14299.4
1.185 35002.8 14306.2
1.186 35061.9 14312.9
1.187 35121 14319.7
1.188 35180.2 14326.3
1.189 35239.4 14332.9
1.19 35298.7 14339.5
1.191 35358 14346.1
1.192 35417.4 14352.6
1.193 35476.8 14359.1
1.194 35536.3 14365.5
1.195 35595.8 14371.9
1.196 35655.4 14378.2
1.197 35715 14384.6
1.198 35774.7 14390.8
1.199 35834.4 14397.1
1.2 35894.2 14403.3
1.201 35954 14409.4
1.202 36013.9 14415.5
1.203 36073.8 14421.6
1.204 36133.8 14427.7
1.205 36193.8 14433.7
1.206 36253.9 14439.6
1.207 36314 14445.5
1.208 36374.2 14451.4
1.209 36434.4 14457.3
1.21 36494.7 14463
1.211 36555 14468.8
1.212 36615.4 14474.5
1.213 36675.8 14480.2
1.214 36736.3 14485.8
1.215 36796.8 14491.4
1.216 36857.4 14497
1.217 36918 14502.5
1.218 36978.7 14508
1.219 37039.4 14513.4
1.22 37100.2 14518.8
1.221 37161 14524.2
1.222 37221.8 14529.5
1.223 37282.8 14534.8
1.224 37343.7 14540
1.225 37404.7 14545.2
1.226 37465.8 14550.3
1.227 37526.9 14555.4
1.228 37588.1 14560.5
1.229 37649.3 14565.5
1.23 37710.6 14570.5
1.231 37771.9 14575.4
1.232 37833.3 14580.3
1.233 37894.7 14585.2
1.234 37956.2 14590
1.235 38017.7 14594.8
1.236 38079.2 14599.5
1.237 38140.9 14604.2
1.238 38202.5 14608.8
1.239 38264.2 14613.4
1.24 38326 14618
1.241 38387.8 14622.5
1.242 38449.7 14627
1.243 38511.6 14631.4
1.244 38573.6 14635.8
1.245 38635.6 14640.2
1.246 38697.7 14644.5
1.247 38759.8 14648.7
1.248 38821.9 14652.9
1.249 38884.2 14657.1
1.25 38946.4 14661.3
1.251 39008.7 14665.3
1.252 39071.1 14669.4
1.253 39133.5 14673.4
1.254 39196 14677.4
1.255 39258.5 14681.3
1.256 39321.1 14685.1
1.257 39383.7 14689
1.258 39446.3 14692.8
1.259 39509 14696.5
1.26 39571.8 14700.2
1.261 39634.6 14703.8
1.262 39697.5 14707.5
1.263 39760.4 14711
1.264 39823.4 14714.5
1.265 39886.4 14718
1.266 39949.4 14721.5
1.267 40012.5 14724.8
1.268 40075.7 14728.2
1.269 40138.9 14731.5
1.27 40202.2 14734.7
1.271 40265.5 14738
1.272 40328.8 14741.1
1.273 40392.2 14744.2
1.274 40455.7 14747.3
1.275 40519.2 14750.3
1.276 40582.8 14753.3
1.277 40646.4 14756.3
1.278 40710 14759.2
1.279 40773.8 14762
1.28 40837.5 14764.8
1.281 40901.3 14767.6
1.282 40965.2 14770.3
1.283 41029.1 14773
1.284 41093 14775.6
1.285 41157.1 14778.2
1.286 41221.1 14780.7
1.287 41285.2 14783.2
1.288 41349.4 14785.6
1.289 41413.6 14788
1.29 41477.8 14790.4
1.291 41542.1 14792.7
1.292 41606.5 14794.9
1.293 41670.9 14797.1
1.294 41735.4 14799.3
1.295 41799.9 14801.4
1.296 41864.4 14803.5
1.297 41929 14805.5
1.298 41993.7 14807.5
1.299 42058.4 14809.4
1.3 42123.2 14811.3
1.301 42188 14813.1
1.302 42252.8 14814.9
1.303 42317.7 14816.7
1.304 42382.7 14818.4
1.305 42447.7 14820
1.306 42512.7 14821.6
1.307 42577.8 14823.2
1.308 42643 14824.7
1.309 42708.2 14826.1
1.31 42773.4 14827.5
1.311 42838.7 14828.9
1.312 42904.1 14830.2
1.313 42969.5 14831.5
1.314 43035 14832.7
1.315 43100.5 14833.9
1.316 43166 14835
1.317 43231.6 14836.1
1.318 43297.3 14837.1
1.319 43363 14838.1
1.32 43428.7 14839
1.321 43494.5 14839.9
1.322 43560.4 14840.7
1.323 43626.3 14841.5
1.324 43692.2 14842.3
1.325 43758.2 14842.9
1.326 43824.3 14843.6
1.327 43890.4 14844.2
1.328 43956.5 14844.7
1.329 44022.7 14845.2
1.33 44089 14845.7
1.331 44155.3 14846
1.332 44221.6 14846.4
1.333 44288 14846.7
1.334 44354.5 14846.9
1.335 44421 14847.1
1.336 44487.5 14847.3
1.337 44554.1 14847.4
1.338 44620.8 14847.4
1.339 44687.4 14847.4
1.34 44754.2 14847.4
1.341 44821 14847.3
1.342 44887.8 14847.1
1.343 44954.7 14846.9
1.344 45021.7 14846.7
1.345 45088.7 14846.4
1.346 45155.7 14846
1.347 45222.8 14845.6
1.348 45290 14845.2
1.349 45357.2 14844.7
1.35 45424.4 14844.1
1.351 45491.7 14843.5
1.352 45559.1 14842.9
1.353 45626.4 14842.2
1.354 45693.9 14841.4
1.355 45761.4 14840.6
1.356 45828.9 14839.7
1.357 45896.5 14838.8
1.358 45964.2 14837.9
1.359 46031.9 14836.9
1.36 46099.6 14835.8
1.361 46167.4 14834.7
1.362 46235.2 14833.5
1.363 46303.1 14832.3
1.364 46371.1 14831
1.365 46439.1 14829.7
1.366 46507.1 14828.3
1.367 46575.2 14826.9
1.368 46643.4 14825.4
1.369 46711.5 14823.9
1.37 46779.8 14822.3
1.371 46848.1 14820.7
1.372 46916.4 14819
1.373 46984.8 14817.3
1.374 47053.3 14815.5
1.375 47121.7 14813.7
1.376 47190.3 14811.8
1.377 47258.9 14809.8
1.378 47327.5 14807.8
1.379 47396.2 14805.8
1.38 47464.9 14803.7
1.381 47533.7 14801.5
1.382 47602.6 14799.3
1.383 47671.5 14797
1.384 47740.4 14794.7
1.385 47809.4 14792.4
1.386 47878.4 14789.9
1.387 47947.5 14787.5
1.388 48016.7 14784.9
1.389 48085.8 14782.3
1.39 48155.1 14779.7
1.391 48224.4 14777
1.392 48293.7 14774.3
1.393 48363.1 14771.5
1.394 48432.5 14768.6
1.395 48502 14765.7
1.396 48571.6 14762.8
1.397 48641.1 14759.8
1.398 48710.8 14756.7
1.399 48780.5 14753.6
1.4 48850.2 14750.4
1.401 48920 14747.2
1.402 48989.8 14743.9
1.403 49059.7 14740.5
1.404 49129.6 14737.2
1.405 49199.6 14733.7
1.406 49269.7 14730.2
1.407 49339.8 14726.7
1.408 49409.9 14723
1.409 49480.1 14719.4
1.41 49550.3 14715.7
1.411 49620.6 14711.9
1.412 49690.9 14708
1.413 49761.3 14704.2
1.414 49831.7 14700.2
1.415 49902.2 14696.2
1.416 49972.8 14692.2
1.417 50043.3 14688.1
1.418 50114 14683.9
1.419 50184.7 14679.7
1.42 50255.4 14675.4
1.421 50326.2 14671.1
1.422 50397 14666.7
1.423 50467.9 14662.2
1.424 50538.8 14657.7
1.425 50609.8 14653.2
1.426 50680.8 14648.6
1.427 50751.9 14643.9
1.428 50823 14639.2
1.429 50894.2 14634.4
1.43 50965.5 14629.6
1.431 51036.7 14624.7
1.432 51108.1 14619.7
1.433 51179.4 14614.7
1.434 51250.9 14609.7
1.435 51322.4 14604.5
1.436 51393.9 14599.4
1.437 51465.5 14594.1
1.438 51537.1 14588.8
1.439 51608.8 14583.5
1.44 51680.5 14578.1
1.441 51752.3 14572.6
1.442 51824.1 14567.1
1.443 51896 14561.5
1.444 51967.9 14555.9
1.445 52039.9 14550.2
1.446 52111.9 14544.4
1.447 52184 14538.6
1.448 52256.1 14532.8
1.449 52328.3 14526.8
1.45 52400.5 14520.9
1.451 52472.8 14514.8
1.452 52545.1 14508.7
1.453 52617.5 14502.6
1.454 52689.9 14496.3
1.455 52762.4 14490.1
1.456 52834.9 14483.7
1.457 52907.5 14477.3
1.458 52980.1 14470.9
1.459 53052.8 14464.4
1.46 53125.5 14457.8
1.461 53198.3 14451.2
1.462 53271.1 14444.5
1.463 53344 14437.8
1.464 53416.9 14431
1.465 53489.9 14424.1
1.466 53562.9 14417.2
1.467 53636 14410.2
1.468 53709.1 14403.2
1.469 53782.3 14396.1
1.47 53855.5 14388.9
1.471 53928.8 14381.7
1.472 54002.1 14374.4
1.473 54075.5 14367.1
1.474 54148.9 14359.7
1.475 54222.4 14352.2
1.476 54295.9 14344.7
1.477 54369.5 14337.1
1.478 54443.1 14329.5
1.479 54516.8 14321.8
1.48 54590.5 14314.1
1.481 54664.3 14306.2
1.482 54738.1 14298.4
1.483 54812 14290.4
1.484 54885.9 14282.4
1.485 54959.8 14274.4
1.486 55033.9 14266.3
1.487 55107.9 14258.1
1.488 55182.1 14249.8
1.489 55256.2 14241.5
1.49 55330.4 14233.2
1.491 55404.7 14224.7
1.492 55479 14216.3
1.493 55553.4 14207.7
1.494 55627.8 14199.1
1.495 55702.3 14190.4
1.496 55776.8 14181.7
1.497 55851.4 14172.9
1.498 55926 14164.1
1.499 56000.7 14155.2
1.5 56075.4 14146.2
1.501 56150.1 14137.1
1.502 56225 14128
1.503 56299.8 14118.9
1.504 56374.7 14109.7
1.505 56449.7 14100.4
1.506 56524.7 14091
1.507 56599.8 14081.6
1.508 56674.9 14072.1
1.509 56750.1 14062.6
1.51 56825.3 14053
1.511 56900.5 14043.4
1.512 56975.9 14033.6
1.513 57051.2 14023.8
1.514 57126.6 14014
1.515 57202.1 14004.1
1.516 57277.6 13994.1
1.517 57353.2 13984.1
1.518 57428.8 13974
1.519 57504.5 13963.8
1.52 57580.2 13953.6
1.521 57655.9 13943.3
1.522 57731.8 13933
1.523 57807.6 13922.5
1.524 57883.5 13912.1
1.525 57959.5 13901.5
1.526 58035.5 13890.9
1.527 58111.6 13880.2
1.528 58187.7 13869.5
1.529 58263.8 13858.7
1.53 58340.1 13847.9
1.531 58416.3 13836.9
1.532 58492.6 13825.9
1.533 58569 13814.9
1.534 58645.4 13803.8
1.535 58721.9 13792.6
1.536 58798.4 13781.3
1.537 58874.9 13770
1.538 58951.5 13758.7
1.539 59028.2 13747.2
1.54 59104.9 13735.7
1.541 59181.7 13724.1
1.542 59258.5 13712.5
1.543 59335.3 13700.8
1.544 59412.2 13689
1.545 59489.2 13677.2
1.546 59566.2 13665.3
1.547 59643.3 13653.4
1.548 59720.4 13641.3
1.549 59797.5 13629.2
1.55 59874.7 13617.1
1.551 59952 13604.9
1.552 60029.3 13592.6
1.553 60106.7 13580.2
1.554 60184.1 13567.8
1.555 60261.5 13555.3
1.556 60339 13542.8
1.557 60416.6 13530.2
1.558 60494.2 13517.5
1.559 60571.9 13504.7
1.56 60649.6 13491.9
1.561 60727.3 13479
1.562 60805.1 13466.1
1.563 60883 13453.1
1.564 60960.9 13440
1.565 61038.8 13426.9
1.566 61116.9 13413.6
1.567 61194.9 13400.4
1.568 61273 13387
1.569 61351.2 13373.6
1.57 61429.4 13360.1
1.571 61507.6 13346.6
1.572 61585.9 13333
1.573 61664.3 13319.3
1.574 61742.7 13305.5
1.575 61821.1 13291.7
1.576 61899.6 13277.8
1.577 61978.2 13263.9
1.578 62056.8 13249.9
1.579 62135.4 13235.8
1.58 62214.1 13221.6
1.581 62292.9 13207.4
1.582 62371.7 13193.1
1.583 62450.6 13178.8
1.584 62529.5 13164.4
1.585 62608.4 13149.9
1.586 62687.4 13135.3
1.587 62766.5 13120.7
1.588 62845.6 13106
1.589 62924.7 13091.2
1.59 63003.9 13076.4
1.591 63083.2 13061.5
1.592 63162.5 13046.5
1.593 63241.8 13031.5
1.594 63321.2 13016.4
1.595 63400.7 13001.2
1.596 63480.2 12986
1.597 63559.7 12970.6
1.598 63639.3 12955.3
1.599 63719 12939.8
1.6 63798.7 12924.3
1.601 63878.4 12908.7
1.602 63958.2 12893
1.603 64038 12877.3
1.604 64117.9 12861.5
1.605 64197.9 12845.6
1.606 64277.9 12829.7
1.607 64357.9 12813.7
1.608 64438 12797.6
1.609 64518.2 12781.5
1.61 64598.4 12765.3
1.611 64678.6 12749
1.612 64758.9 12732.6
1.613 64839.3 12716.2
1.614 64919.7 12699.7
1.615 65000.1 12683.1
1.616 65080.6 12666.5
1.617 65161.2 12649.8
1.618 65241.7 12633
1.619 65322.4 12616.2
1.62 65403.1 12599.2
1.621 65483.8 12582.2
1.622 65564.6 12565.2
1.623 65645.5 12548.1
1.624 65726.4 12530.9
1.625 65807.3 12513.6
1.626 65888.3 12496.2
1.627 65969.3 12478.8
1.628 66050.4 12461.3
1.629 66131.6 12443.8
1.63 66212.8 12426.1
1.631 66294 12408.4
1.632 66375.3 12390.7
1.633 66456.7 12372.8
1.634 66538 12354.9
1.635 66619.5 12336.9
1.636 66701 12318.9
1.637 66782.5 12300.7
1.638 66864.1 12282.5
1.639 66945.8 12264.3
1.64 67027.4 12245.9
1.641 67109.2 12227.5
1.642 67191 12209
1.643 67272.8 12190.4
1.644 67354.7 12171.8
1.645 67436.6 12153.1
1.646 67518.6 12134.3
1.647 67600.7 12115.5
1.648 67682.8 12096.5
1.649 67764.9 12077.5
1.65 67847.1 12058.5
1.651 67929.3 12039.3
1.652 68011.6 12020.1
1.653 68094 12000.8
1.654 68176.3 11981.4
1.655 68258.8 11962
1.656 68341.3 11942.5
1.657 68423.8 11922.9
1.658 68506.4 11903.3
1.659 68589 11883.5
1.66 68671.7 11863.7
1.661 68754.5 11843.8
1.662 68837.2 11823.9
1.663 68920.1 11803.9
1.664 69003 11783.8
1.665 69085.9 11763.6
1.666 69168.9 11743.3
1.667 69251.9 11723
1.668 69335 11702.6
1.669 69418.1 11682.2
1.67 69501.3 11661.6
1.671 69584.6 11641
1.672 69667.9 11620.3
1.673 69751.2 11599.5
1.674 69834.6 11578.7
1.675 69918 11557.8
1.676 70001.5 11536.8
1.677 70085 11515.7
1.678 70168.6 11494.6
1.679 70252.2 11473.3
1.68 70335.9 11452.1
1.681 70419.7 11430.7
1.682 70503.4 11409.2
1.683 70587.3 11387.7
1.684 70671.2 11366.1
1.685 70755.1 11344.5
1.686 70839.1 11322.7
1.687 70923.1 11300.9
1.688 71007.2 11279
1.689 71091.3 11257
1.69 71175.5 11235
1.691 71259.7 11212.9
1.692 71344 11190.7
1.693 71428.3 11168.4
1.694 71512.7 11146
1.695 71597.2 11123.6
1.696 71681.6 11101.1
1.697 71766.2 11078.5
1.698 71850.7 11055.9
1.699 71935.4 11033.1
1.7 72020.1 11010.3
1.701 72104.8 10987.4
1.702 72189.6 10964.5
1.703 72274.4 10941.4
1.704 72359.3 10918.3
1.705 72444.2 10895.1
1.706 72529.2 10871.9
1.707 72614.2 10848.5
1.708 72699.3 10825.1
1.709 72784.4 10801.6
1.71 72869.6 10778
1.711 72954.8 10754.4
1.712 73040.1 10730.6
1.713 73125.4 10706.8
1.714 73210.8 10682.9
1.715 73296.2 10659
1.716 73381.7 10634.9
1.717 73467.2 10610.8
1.718 73552.8 10586.6
1.719 73638.4 10562.3
1.72 73724.1 10538
1.721 73809.8 10513.5
1.722 73895.6 10489
1.723 73981.4 10464.4
1.724 74067.3 10439.7
1.725 74153.2 10415
1.726 74239.2 10390.2
1.727 74325.2 10365.3
1.728 74411.3 10340.3
1.729 74497.4 10315.2
1.73 74583.6 10290.1
1.731 74669.8 10264.9
1.732 74756.1 10239.6
1.733 74842.4 10214.2
1.734 74928.8 10188.7
1.735 75015.2 10163.2
1.736 75101.7 10137.6
1.737 75188.2 10111.9
1.738 75274.8 10086.1
1.739 75361.4 10060.3
1.74 75448.1 10034.3
1.741 75534.8 10008.3
1.742 75621.6 9982.21
1.743 75708.4 9956.04
1.744 75795.3 9929.79
1.745 75882.2 9903.46
1.746 75969.2 9877.04
1.747 76056.2 9850.55
1.748 76143.3 9823.98
1.749 76230.4 9797.33
1.75 76317.5 9770.6
1.751 76404.8 9743.78
1.752 76492 9716.89
1.753 76579.4 9689.92
1.754 76666.7 9662.86
1.755 76754.1 9635.73
1.756 76841.6 9608.51
1.757 76929.1 9581.21
1.758 77016.7 9553.84
1.759 77104.3 9526.38
1.76 77192 9498.84
1.761 77279.7 9471.22
1.762 77367.5 9443.52
1.763 77455.3 9415.73
1.764 77543.2 9387.87
1.765 77631.1 9359.92
1.766 77719 9331.9
1.767 77807.1 9303.79
1.768 77895.1 9275.6
1.769 77983.2 9247.32
1.77 78071.4 9218.97
1.771 78159.6 9190.53
1.772 78247.9 9162.02
1.773 78336.2 9133.42
1.774 78424.6 9104.74
1.775 78513 9075.97
1.776 78601.5 9047.13
1.777 78690 9018.2
1.778 78778.5 8989.19
1.779 78867.2 8960.09
1.78 78955.8 8930.92
1.781 79044.5 8901.66
1.782 79133.3 8872.32
1.783 79222.1 8842.89
1.784 79311 8813.39
1.785 79399.9 8783.8
1.786 79488.9 8754.13
1.787 79577.9 8724.37
1.788 79666.9 8694.53
1.789 79756 8664.61
1.79 79845.2 8634.6
1.791 79934.4 8604.52
1.792 80023.7 8574.34
1.793 80113 8544.09
1.794 80202.4 8513.75
1.795 80291.8 8483.33
1.796 80381.2 8452.82
1.797 80470.7 8422.23
1.798 80560.3 8391.56
1.799 80649.9 8360.8
1.8 80739.6 8329.96
1.801 80829.3 8299.03
1.802 80919 8268.02
1.803 81008.9 8236.93
1.804 81098.7 8205.75
1.805 81188.6 8174.49
1.806 81278.6 8143.14
1.807 81368.6 8111.71
1.808 81458.7 8080.19
1.809 81548.8 8048.59
1.81 81638.9 8016.91
1.811 81729.1 7985.13
1.812 81819.4 7953.28
1.813 81909.7 7921.34
1.814 82000.1 7889.31
1.815 82090.5 7857.2
1.816 82180.9 7825.01
1.817 82271.4 7792.72
1.818 82362 7760.36
1.819 82452.6 7727.91
1.82 82543.2 7695.37
1.821 82634 7662.75
1.822 82724.7 7630.04
1.823 82815.5 7597.24
1.824 82906.4 7564.36
1.825 82997.3 7531.4
1.826 83088.2 7498.34
1.827 83179.2 7465.21
1.828 83270.3 7431.98
1.829 83361.4 7398.67
1.83 83452.6 7365.28
1.831 83543.8 7331.79
1.832 83635 7298.22
1.833 83726.3 7264.57
1.834 83817.7 7230.83
1.835 83909.1 7197
1.836 84000.5 7163.08
1.837 84092 7129.08
1.838 84183.6 7094.99
1.839 84275.2 7060.82
1.84 84366.8 7026.55
1.841 84458.6 6992.2
1.842 84550.3 6957.77
1.843 84642.1 6923.24
1.844 84734 6888.63
1.845 84825.9 6853.93
1.846 84917.8 6819.14
1.847 85009.8 6784.27
1.848 85101.9 6749.31
1.849 85194 6714.26
1.85 85286.1 6679.12
1.851 85378.3 6643.9
1.852 85470.6 6608.59
1.853 85562.9 6573.19
1.854 85655.2 6537.7
1.855 85747.6 6502.12
1.856 85840.1 6466.46
1.857 85932.6 6430.7
1.858 86025.1 6394.86
1.859 86117.7 6358.93
1.86 86210.4 6322.91
1.861 86303.1 6286.81
1.862 86395.8 6250.61
1.863 86488.6 6214.33
1.864 86581.5 6177.96
1.865 86674.4 6141.49
1.866 86767.3 6104.94
1.867 86860.3 6068.3
1.868 86953.4 6031.58
1.869 87046.5 5994.76
1.87 87139.6 5957.85
1.871 87232.8 5920.86
1.872 87326.1 5883.77
1.873 87419.4 5846.59
1.874 87512.7 5809.33
1.875 87606.1 5771.98
1.876 87699.5 5734.53
1.877 87793 5697
1.878 87886.6 5659.38
1.879 87980.2 5621.66
1.88 88073.8 5583.86
1.881 88167.5 5545.97
1.882 88261.3 5507.98
1.883 88355.1 5469.91
1.884 88448.9 5431.75
1.885 88542.8 5393.49
1.886 88636.7 5355.15
1.887 88730.7 5316.71
1.888 88824.8 5278.19
1.889 88918.9 5239.57
1.89 89013 5200.87
1.891 89107.2 5162.07
1.892 89201.5 5123.18
1.893 89295.8 5084.2
1.894 89390.1 5045.13
1.895 89484.5 5005.97
1.896 89578.9 4966.72
1.897 89673.4 4927.37
1.898 89768 4887.94
1.899 89862.6 4848.41
1.9 89957.2 4808.79
1.901 90051.9 4769.08
1.902 90146.6 4729.28
1.903 90241.4 4689.39
1.904 90336.3 4649.41
1.905 90431.2 4609.33
1.906 90526.1 4569.16
1.907 90621.1 4528.9
1.908 90716.1 4488.55
1.909 90811.2 4448.11
1.91 90906.4 4407.57
1.911 91001.6 4366.94
1.912 91096.8 4326.22
1.913 91192.1 4285.41
1.914 91287.4 4244.5
1.915 91382.8 4203.5
1.916 91478.2 4162.41
1.917 91573.7 4121.23
1.918 91669.3 4079.95
1.919 91764.9 4038.58
1.92 91860.5 3997.12
1.921 91956.2 3955.57
1.922 92051.9 3913.92
1.923 92147.7 3872.18
1.924 92243.6 3830.34
1.925 92339.4 3788.41
1.926 92435.4 3746.39
1.927 92531.4 3704.28
1.928 92627.4 3662.07
1.929 92723.5 3619.77
1.93 92819.6 3577.37
1.931 92915.8 3534.88
1.932 93012 3492.3
1.933 93108.3 3449.62
1.934 93204.7 3406.85
1.935 93301.1 3363.99
1.936 93397.5 3321.03
1.937 93494 3277.97
1.938 93590.5 3234.83
1.939 93687.1 3191.58
1.94 93783.7 3148.25
1.941 93880.4 3104.82
1.942 93977.1 3061.29
1.943 94073.9 3017.67
1.944 94170.8 2973.96
1.945 94267.6 2930.15
1.946 94364.6 2886.24
1.947 94461.6 2842.24
1.948 94558.6 2798.15
1.949 94655.7 2753.96
1.95 94752.8 2709.67
1.951 94850 2665.29
1.952 94947.2 2620.82
1.953 95044.5 2576.25
1.954 95141.8 2531.58
1.955 95239.2 2486.82
1.956 95336.7 2441.96
1.957 95434.1 2397.01
1.958 95531.7 2351.96
1.959 95629.2 2306.82
1.96 95726.9 2261.58
1.961 95824.6 2216.24
1.962 95922.3 2170.81
1.963 96020.1 2125.28
1.964 96117.9 2079.65
1.965 96215.8 2033.93
1.966 96313.7 1988.12
1.967 96411.7 1942.2
1.968 96509.7 1896.19
1.969 96607.8 1850.09
1.97 96705.9 1803.88
1.971 96804.1 1757.58
1.972 96902.3 1711.18
1.973 97000.6 1664.69
1.974 97098.9 1618.1
1.975 97197.3 1571.41
1.976 97295.7 1524.63
1.977 97394.2 1477.74
1.978 97492.7 1430.77
1.979 97591.3 1383.69
1.98 97690 1336.51
1.981 97788.6 1289.24
1.982 97887.4 1241.87
1.983 97986.1 1194.41
1.984 98085 1146.84
1.985 98183.8 1099.18
1.986 98282.8 1051.42
1.987 98381.7 1003.56
1.988 98480.8 955.607
1.989 98579.8 907.553
1.99 98679 859.401
1.991 98778.1 811.151
1.992 98877.4 762.802
1.993 98976.6 714.355
1.994 99076 665.81
1.995 99175.3 617.166
1.996 99274.8 568.424
1.997 99374.2 519.583
1.998 99473.8 470.643
1.999 99573.3 421.604
2 99672.9 372.467
2.001 99772.6 323.23
2.002 99872.3 273.895
2.003 99972.1 224.46
2.004 100072 174.926
2.005 100172 125.293
2.006 100272 75.5608
2.007 100372 25.729
2.008 100472 -24.2022
