0 0 0
0.001 0.0321394 0.0382774
0.002 0.0964181 0.108595
0.003 0.192836 0.210879
0.004 0.321394 0.345054
0.005 0.482091 0.511046
0.006 0.674927 0.708781
0.007 0.899903 0.938184
0.008 1.15702 1.19918
0.009 1.44627 1.4917
0.01 1.76767 1.81566
0.011 2.1212 2.17099
0.012 2.50687 2.55762
0.013 2.92468 2.97547
0.014 3.37463 3.42447
0.015 3.85673 3.90455
0.016 4.37096 4.41562
0.017 4.91732 4.95761
0.018 5.49583 5.53046
0.019 6.10648 6.13408
0.02 6.74927 6.76841
0.021 7.4242 7.43336
0.022 8.13126 8.12886
0.023 8.87047 8.85485
0.024 9.64181 9.61123
0.025 10.4453 10.3979
0.026 11.2809 11.2149
0.027 12.1487 12.0621
0.028 13.0486 12.9393
0.029 13.9806 13.8466
0.03 14.9448 14.7839
0.031 15.9411 15.751
0.032 16.9696 16.7479
0.033 18.0302 17.7746
0.034 19.1229 18.831
0.035 20.2478 19.9169
0.036 21.4048 21.0323
0.037 22.5939 22.1772
0.038 23.8152 23.3514
0.039 25.0687 24.5549
0.04 26.3542 25.7877
0.041 27.6719 27.0495
0.042 29.0218 28.3405
0.043 30.4037 29.6604
0.044 31.8179 31.0092
0.045 33.2641 32.3869
0.046 34.7425 33.7933
0.047 36.253 35.2285
0.048 37.7957 36.6922
0.049 39.3705 38.1845
0.05 40.9774 39.7053
0.051 42.6165 41.2545
0.052 44.2877 42.8319
0.053 45.991 44.4377
0.054 47.7265 46.0716
0.055 49.4941 47.7336
0.056 51.2938 49.4236
0.057 53.1257 51.1416
0.058 54.9898 52.8874
0.059 56.8859 54.6611
0.06 58.8142 56.4625
0.061 60.7747 58.2915
0.062 62.7673 60.1481
0.063 64.7921 62.0323
0.064 66.849 63.9438
0.065 68.938 65.8828
0.066 71.0592 67.849
0.067 73.2126 69.8425
0.068 75.3981 71.8631
0.069 77.6158 73.9107
0.07 79.8656 75.9854
0.071 82.1476 78.087
0.072 84.4617 80.2154
0.073 86.808 82.3706
0.074 89.1864 84.5525
0.075 91.597 86.761
0.076 94.0397 88.9961
0.077 96.5146 91.2576
0.078 99.0216 93.5455
0.079 101.561 95.8598
0.08 104.132 98.2003
0.081 106.736 100.567
0.082 109.371 102.96
0.083 112.039 105.379
0.084 114.739 107.823
0.085 117.471 110.294
0.086 120.235 112.79
0.087 123.032 115.313
0.088 125.86 117.86
0.089 128.721 120.434
0.09 131.614 123.033
0.091 134.539 125.657
0.092 137.496 128.307
0.093 140.485 130.982
0.094 143.506 133.682
0.095 146.56 136.407
0.096 149.646 139.157
0.097 152.763 141.933
0.098 155.913 144.733
0.099 159.095 147.558
0.1 162.31 150.408
0.101 165.556 153.282
0.102 168.835 156.181
0.103 172.145 159.105
0.104 175.488 162.053
0.105 178.863 165.026
0.106 182.27 168.022
0.107 185.709 171.043
0.108 189.181 174.089
0.109 192.684 177.158
0.11 196.22 180.251
0.111 199.788 183.368
0.112 203.388 186.51
0.113 207.02 189.674
0.114 210.684 192.863
0.115 214.381 196.075
0.116 218.109 199.311
0.117 221.87 202.57
0.118 225.663 205.853
0.119 229.488 209.159
0.12 233.345 212.488
0.121 237.234 215.841
0.122 241.156 219.216
0.123 245.109 222.615
0.124 249.095 226.037
0.125 253.113 229.481
0.126 257.163 232.949
0.127 261.245 236.439
0.128 265.359 239.952
0.129 269.505 243.487
0.13 273.684 247.045
0.131 277.895 250.625
0.132 282.137 254.228
0.133 286.412 257.853
0.134 290.719 261.5
0.135 295.059 265.17
0.136 299.43 268.861
0.137 303.834 272.575
0.138 308.269 276.31
0.139 312.737 280.067
0.14 317.237 283.846
0.141 321.769 287.647
0.142 326.334 291.469
0.143 330.93 295.313
0.144 335.559 299.179
0.145 340.219 303.066
0.146 344.912 306.974
0.147 349.637 310.903
0.148 354.394 314.854
0.149 359.183 318.826
0.15 364.005 322.818
0.151 368.858 326.832
0.152 373.744 330.867
0.153 378.662 334.922
0.154 383.612 338.998
0.155 388.594 343.095
0.156 393.608 347.213
0.157 398.655 351.351
0.158 403.733 355.509
0.159 408.844 359.688
0.16 413.987 363.887
0.161 419.162 368.106
0.162 424.369 372.346
0.163 429.608 376.605
0.164 434.879 380.884
0.165 440.183 385.184
0.166 445.519 389.503
0.167 450.886 393.842
0.168 456.286 398.201
0.169 461.719 402.579
0.17 467.183 406.977
0.171 472.679 411.394
0.172 478.208 415.831
0.173 483.768 420.287
0.174 489.361 424.763
0.175 494.986 429.257
0.176 500.643 433.771
0.177 506.333 438.303
0.178 512.054 442.855
0.179 517.808 447.426
0.18 523.593 452.015
0.181 529.411 456.623
0.182 535.261 461.249
0.183 541.143 465.895
0.184 547.057 470.559
0.185 553.004 475.241
0.186 558.982 479.941
0.187 564.993 484.66
0.188 571.036 489.397
0.189 577.111 494.152
0.19 583.218 498.926
0.191 589.357 503.717
0.192 595.529 508.526
0.193 601.732 513.353
0.194 607.968 518.198
0.195 614.236 523.06
0.196 620.536 527.94
0.197 626.868 532.838
0.198 633.232 537.753
0.199 639.628 542.685
0.2 646.057 547.635
0.201 652.518 552.602
0.202 659.01 557.587
0.203 665.535 562.588
0.204 672.092 567.606
0.205 678.682 572.641
0.206 685.303 577.694
0.207 691.957 582.762
0.208 698.642 587.848
0.209 705.36 592.95
0.21 712.11 598.069
0.211 718.892 603.205
0.212 725.706 608.356
0.213 732.553 613.525
0.214 739.431 618.709
0.215 746.342 623.91
0.216 753.285 629.126
0.217 760.26 634.359
0.218 767.267 639.608
0.219 774.306 644.873
0.22 781.378 650.153
0.221 788.481 655.45
0.222 795.617 660.762
0.223 802.785 666.089
0.224 809.985 671.432
0.225 817.217 676.791
0.226 824.481 682.165
0.227 831.777 687.554
0.228 839.106 692.959
0.229 846.466 698.378
0.23 853.859 703.813
0.231 861.284 709.263
0.232 868.741 714.727
0.233 876.231 720.207
0.234 883.752 725.701
0.235 891.306 731.21
0.236 898.891 736.734
0.237 906.509 742.272
0.238 914.159 747.825
0.239 921.841 753.392
0.24 929.555 758.974
0.241 937.302 764.57
0.242 945.08 770.18
0.243 952.891 775.804
0.244 960.734 781.442
0.245 968.609 787.094
0.246 976.516 792.76
0.247 984.455 798.44
0.248 992.426 804.134
0.249 1000.43 809.841
0.25 1008.47 815.562
0.251 1016.53 821.296
0.252 1024.63 827.044
0.253 1032.77 832.805
0.254 1040.93 838.58
0.255 1049.13 844.368
0.256 1057.35 850.169
0.257 1065.62 855.983
0.258 1073.91 861.81
0.259 1082.23 867.649
0.26 1090.59 873.502
0.261 1098.98 879.368
0.262 1107.4 885.246
0.263 1115.85 891.137
0.264 1124.34 897.041
0.265 1132.86 902.956
0.266 1141.41 908.885
0.267 1149.99 914.826
0.268 1158.6 920.778
0.269 1167.25 926.744
0.27 1175.93 932.721
0.271 1184.64 938.71
0.272 1193.38 944.711
0.273 1202.16 950.725
0.274 1210.96 956.75
0.275 1219.8 962.786
0.276 1228.68 968.835
0.277 1237.58 974.895
0.278 1246.51 980.966
0.279 1255.48 987.049
0.28 1264.48 993.143
0.281 1273.51 999.249
0.282 1282.58 1005.37
0.283 1291.67 1011.49
0.284 1300.8 1017.63
0.285 1309.96 1023.78
0.286 1319.16 1029.94
0.287 1328.38 1036.12
0.288 1337.64 1042.3
0.289 1346.93 1048.49
0.29 1356.25 1054.7
0.291 1365.6 1060.91
0.292 1374.99 1067.13
0.293 1384.41 1073.37
0.294 1393.86 1079.62
0.295 1403.34 1085.87
0.296 1412.85 1092.14
0.297 1422.4 1098.41
0.298 1431.98 1104.7
0.299 1441.59 1111
0.3 1451.23 1117.3
0.301 1460.91 1123.62
0.302 1470.61 1129.94
0.303 1480.35 1136.28
0.304 1490.12 1142.62
0.305 1499.93 1148.98
0.306 1509.76 1155.34
0.307 1519.63 1161.71
0.308 1529.53 1168.1
0.309 1539.46 1174.49
0.31 1549.43 1180.89
0.311 1559.42 1187.3
0.312 1569.45 1193.72
0.313 1579.51 1200.15
0.314 1589.61 1206.58
0.315 1599.73 1213.03
0.316 1609.89 1219.48
0.317 1620.08 1225.94
0.318 1630.3 1232.42
0.319 1640.55 1238.9
0.32 1650.84 1245.38
0.321 1661.16 1251.88
0.322 1671.5 1258.38
0.323 1681.89 1264.9
0.324 1692.3 1271.42
0.325 1702.75 1277.95
0.326 1713.23 1284.48
0.327 1723.74 1291.03
0.328 1734.28 1297.58
0.329 1744.85 1304.14
0.33 1755.46 1310.71
0.331 1766.1 1317.28
0.332 1776.77 1323.87
0.333 1787.48 1330.46
0.334 1798.21 1337.06
0.335 1808.98 1343.66
0.336 1819.78 1350.27
0.337 1830.61 1356.89
0.338 1841.48 1363.52
0.339 1852.37 1370.15
0.34 1863.3 1376.79
0.341 1874.26 1383.44
0.342 1885.25 1390.09
0.343 1896.28 1396.75
0.344 1907.34 1403.42
0.345 1918.43 1410.1
0.346 1929.55 1416.78
0.347 1940.7 1423.46
0.348 1951.89 1430.15
0.349 1963.1 1436.85
0.35 1974.35 1443.56
0.351 1985.64 1450.27
0.352 1996.95 1456.99
0.353 2008.3 1463.71
0.354 2019.67 1470.44
0.355 2031.09 1477.18
0.356 2042.53 1483.92
0.357 2054 1490.66
0.358 2065.51 1497.41
0.359 2077.05 1504.17
0.36 2088.62 1510.93
0.361 2100.22 1517.7
0.362 2111.86 1524.48
0.363 2123.53 1531.25
0.364 2135.23 1538.04
0.365 2146.96 1544.83
0.366 2158.72 1551.62
0.367 2170.52 1558.42
0.368 2182.35 1565.22
0.369 2194.21 1572.03
0.37 2206.1 1578.84
0.371 2218.03 1585.66
0.372 2229.98 1592.48
0.373 2241.97 1599.31
0.374 2253.99 1606.14
0.375 2266.05 1612.98
0.376 2278.13 1619.82
0.377 2290.25 1626.66
0.378 2302.4 1633.51
0.379 2314.58 1640.36
0.38 2326.8 1647.21
0.381 2339.04 1654.07
0.382 2351.32 1660.94
0.383 2363.63 1667.8
0.384 2375.98 1674.67
0.385 2388.35 1681.55
0.386 2400.76 1688.43
0.387 2413.2 1695.31
0.388 2425.67 1702.19
0.389 2438.17 1709.08
0.39 2450.71 1715.97
0.391 2463.28 1722.86
0.392 2475.88 1729.76
0.393 2488.51 1736.66
0.394 2501.17 1743.56
0.395 2513.87 1750.47
0.396 2526.6 1757.38
0.397 2539.36 1764.29
0.398 2552.15 1771.2
0.399 2564.98 1778.12
0.4 2577.83 1785.04
0.401 2590.72 1791.96
0.402 2603.64 1798.88
0.403 2616.6 1805.81
0.404 2629.58 1812.73
0.405 2642.6 1819.66
0.406 2655.65 1826.6
0.407 2668.73 1833.53
0.408 2681.85 1840.47
0.409 2694.99 1847.4
0.41 2708.17 1854.34
0.411 2721.38 1861.28
0.412 2734.62 1868.22
0.413 2747.9 1875.17
0.414 2761.21 1882.11
0.415 2774.55 1889.06
0.416 2787.92 1896.01
0.417 2801.32 1902.96
0.418 2814.76 1909.91
0.419 2828.22 1916.86
0.42 2841.72 1923.81
0.421 2855.26 1930.76
0.422 2868.82 1937.71
0.423 2882.42 1944.67
0.424 2896.04 1951.62
0.425 2909.71 1958.58
0.426 2923.4 1965.54
0.427 2937.12 1972.49
0.428 2950.88 1979.45
0.429 2964.67 1986.41
0.43 2978.49 1993.36
0.431 2992.34 2000.32
0.432 3006.23 2007.28
0.433 3020.15 2014.24
0.434 3034.1 2021.19
0.435 3048.08 2028.15
0.436 3062.09 2035.11
0.437 3076.14 2042.06
0.438 3090.22 2049.02
0.439 3104.33 2055.98
0.44 3118.47 2062.93
0.441 3132.65 2069.89
0.442 3146.85 2076.84
0.443 3161.09 2083.79
0.444 3175.36 2090.75
0.445 3189.67 2097.7
0.446 3204 2104.65
0.447 3218.37 2111.6
0.448 3232.77 2118.55
0.449 3247.2 2125.49
0.45 3261.67 2132.44
0.451 3276.16 2139.39
0.452 3290.69 2146.33
0.453 3305.25 2153.27
0.454 3319.85 2160.21
0.455 3334.47 2167.15
0.456 3349.13 2174.09
0.457 3363.82 2181.02
0.458 3378.54 2187.95
0.459 3393.29 2194.88
0.46 3408.08 2201.81
0.461 3422.9 2208.74
0.462 3437.75 2215.67
0.463 3452.63 2222.59
0.464 3467.54 2229.51
0.465 3482.49 2236.43
0.466 3497.47 2243.34
0.467 3512.48 2250.26
0.468 3527.52 2257.17
0.469 3542.6 2264.07
0.47 3557.7 2270.98
0.471 3572.84 2277.88
0.472 3588.01 2284.78
0.473 3603.22 2291.68
0.474 3618.45 2298.57
0.475 3633.72 2305.46
0.476 3649.02 2312.35
0.477 3664.35 2319.23
0.478 3679.72 2326.11
0.479 3695.11 2332.99
0.48 3710.54 2339.86
0.481 3726 2346.73
0.482 3741.49 2353.59
0.483 3757.02 2360.46
0.484 3772.58 2367.32
0.485 3788.17 2374.17
0.486 3803.79 2381.02
0.487 3819.44 2387.87
0.488 3835.13 2394.71
0.489 3850.84 2401.55
0.49 3866.59 2408.38
0.491 3882.38 2415.21
0.492 3898.19 2422.04
0.493 3914.04 2428.86
0.494 3929.91 2435.67
0.495 3945.83 2442.49
0.496 3961.77 2449.29
0.497 3977.74 2456.09
0.498 3993.75 2462.89
0.499 4009.79 2469.68
0.5 4025.86 2476.47
0.501 4041.96 2483.25
0.502 4058.1 2490.03
0.503 4074.27 2496.8
0.504 4090.47 2503.57
0.505 4106.7 2510.33
0.506 4122.96 2517.09
0.507 4139.26 2523.84
0.508 4155.59 2530.58
0.509 4171.95 2537.32
0.51 4188.34 2544.06
0.511 4204.77 2550.78
0.512 4221.22 2557.51
0.513 4237.71 2564.22
0.514 4254.23 2570.93
0.515 4270.79 2577.63
0.516 4287.37 2584.33
0.517 4303.99 2591.02
0.518 4320.64 2597.71
0.519 4337.32 2604.39
0.52 4354.04 2611.06
0.521 4370.78 2617.72
0.522 4387.56 2624.38
0.523 4404.37 2631.03
0.524 4421.22 2637.68
0.525 4438.09 2644.32
0.526 4455 2650.95
0.527 4471.94 2657.57
0.528 4488.91 2664.19
0.529 4505.91 2670.8
0.53 4522.95 2677.41
0.531 4540.01 2684
0.532 4557.11 2690.59
0.533 4574.25 2697.17
0.534 4591.41 2703.74
0.535 4608.61 2710.31
0.536 4625.84 2716.87
0.537 4643.1 2723.42
0.538 4660.39 2729.96
0.539 4677.71 2736.5
0.54 4695.07 2743.02
0.541 4712.46 2749.54
0.542 4729.88 2756.05
0.543 4747.34 2762.55
0.544 4764.82 2769.05
0.545 4782.34 2775.53
0.546 4799.89 2782.01
0.547 4817.47 2788.48
0.548 4835.08 2794.94
0.549 4852.73 2801.39
0.55 4870.41 2807.84
0.551 4888.12 2814.27
0.552 4905.86 2820.7
0.553 4923.64 2827.11
0.554 4941.44 2833.52
0.555 4959.28 2839.92
0.556 4977.16 2846.31
0.557 4995.06 2852.69
0.558 5012.99 2859.06
0.559 5030.96 2865.42
0.56 5048.96 2871.77
0.561 5066.99 2878.11
0.562 5085.06 2884.45
0.563 5103.15 2890.77
0.564 5121.28 2897.08
0.565 5139.44 2903.39
0.566 5157.64 2909.68
0.567 5175.86 2915.96
0.568 5194.12 2922.24
0.569 5212.41 2928.5
0.57 5230.73 2934.75
0.571 5249.08 2941
0.572 5267.47 2947.23
0.573 5285.89 2953.45
0.574 5304.34 2959.66
0.575 5322.82 2965.86
0.576 5341.33 2972.05
0.577 5359.88 2978.23
0.578 5378.46 2984.4
0.579 5397.07 2990.56
0.58 5415.71 2996.71
0.581 5434.38 3002.84
0.582 5453.09 3008.97
0.583 5471.83 3015.08
0.584 5490.6 3021.18
0.585 5509.41 3027.28
0.586 5528.24 3033.36
0.587 5547.11 3039.42
0.588 5566.01 3045.48
0.589 5584.94 3051.53
0.59 5603.91 3057.56
0.591 5622.9 3063.58
0.592 5641.93 3069.59
0.593 5660.99 3075.59
0.594 5680.08 3081.58
0.595 5699.21 3087.55
0.596 5718.37 3093.51
0.597 5737.55 3099.46
0.598 5756.78 3105.4
0.599 5776.03 3111.32
0.6 5795.32 3117.24
0.601 5814.63 3123.14
0.602 5833.98 3129.02
0.603 5853.36 3134.9
0.604 5872.78 3140.76
0.605 5892.23 3146.61
0.606 5911.7 3152.45
0.607 5931.21 3158.27
0.608 5950.76 3164.08
0.609 5970.33 3169.88
0.61 5989.94 3175.66
0.611 6009.58 3181.43
0.612 6029.25 3187.19
0.613 6048.95 3192.93
0.614 6068.69 3198.67
0.615 6088.46 3204.38
0.616 6108.26 3210.09
0.617 6128.09 3215.78
0.618 6147.95 3221.45
0.619 6167.85 3227.11
0.62 6187.78 3232.76
0.621 6207.74 3238.4
0.622 6227.73 3244.02
0.623 6247.76 3249.62
0.624 6267.81 3255.22
0.625 6287.9 3260.79
0.626 6308.02 3266.36
0.627 6328.18 3271.91
0.628 6348.36 3277.44
0.629 6368.58 3282.96
0.63 6388.83 3288.47
0.631 6409.11 3293.96
0.632 6429.43 3299.43
0.633 6449.77 3304.89
0.634 6470.15 3310.34
0.635 6490.56 3315.77
0.636 6511 3321.18
0.637 6531.48 3326.58
0.638 6551.99 3331.97
0.639 6572.53 3337.34
0.64 6593.1 3342.69
0.641 6613.7 3348.03
0.642 6634.34 3353.36
0.643 6655 3358.66
0.644 6675.7 3363.96
0.645 6696.44 3369.23
0.646 6717.2 3374.49
0.647 6738 3379.74
0.648 6758.82 3384.97
0.649 6779.68 3390.18
0.65 6800.58 3395.38
0.651 6821.5 3400.56
0.652 6842.46 3405.72
0.653 6863.45 3410.87
0.654 6884.47 3416
0.655 6905.52 3421.11
0.656 6926.61 3426.21
0.657 6947.73 3431.29
0.658 6968.88 3436.36
0.659 6990.06 3441.4
0.66 7011.27 3446.43
0.661 7032.52 3451.45
0.662 7053.8 3456.44
0.663 7075.11 3461.42
0.664 7096.45 3466.39
0.665 7117.83 3471.33
0.666 7139.23 3476.26
0.667 7160.67 3481.17
0.668 7182.14 3486.06
0.669 7203.65 3490.94
0.67 7225.18 3495.8
0.671 7246.75 3500.64
0.672 7268.35 3505.46
0.673 7289.98 3510.26
0.674 7311.65 3515.05
0.675 7333.34 3519.82
0.676 7355.07 3524.57
0.677 7376.83 3529.3
0.678 7398.62 3534.01
0.679 7420.45 3538.71
0.68 7442.31 3543.39
0.681 7464.2 3548.05
0.682 7486.12 3552.69
0.683 7508.07 3557.31
0.684 7530.06 3561.91
0.685 7552.07 3566.49
0.686 7574.12 3571.06
0.687 7596.21 3575.61
0.688 7618.32 3580.13
0.689 7640.47 3584.64
0.69 7662.64 3589.13
0.691 7684.86 3593.6
0.692 7707.1 3598.05
0.693 7729.37 3602.49
0.694 7751.68 3606.9
0.695 7774.02 3611.29
0.696 7796.39 3615.66
0.697 7818.79 3620.02
0.698 7841.23 3624.35
0.699 7863.7 3628.66
0.7 7886.2 3632.96
0.701 7908.73 3637.23
0.702 7931.29 3641.49
0.703 7953.89 3645.72
0.704 7976.52 3649.93
0.705 7999.18 3654.13
0.706 8021.87 3658.3
0.707 8044.6 3662.45
0.708 8067.35 3666.59
0.709 8090.14 3670.7
0.71 8112.96 3674.79
0.711 8135.82 3678.86
0.712 8158.7 3682.91
0.713 8181.62 3686.94
0.714 8204.57 3690.95
0.715 8227.55 3694.93
0.716 8250.57 3698.9
0.717 8273.61 3702.85
0.718 8296.69 3706.77
0.719 8319.8 3710.67
0.72 8342.94 3714.55
0.721 8366.12 3718.41
0.722 8389.33 3722.25
0.723 8412.57 3726.07
0.724 8435.84 3729.86
0.725 8459.14 3733.64
0.726 8482.48 3737.39
0.727 8505.84 3741.12
0.728 8529.24 3744.82
0.729 8552.68 3748.51
0.73 8576.14 3752.17
0.731 8599.64 3755.82
0.732 8623.16 3759.43
0.733 8646.73 3763.03
0.734 8670.32 3766.61
0.735 8693.94 3770.16
0.736 8717.6 3773.69
0.737 8741.29 3777.19
0.738 8765.01 3780.68
0.739 8788.76 3784.14
0.74 8812.55 3787.58
0.741 8836.37 3790.99
0.742 8860.22 3794.38
0.743 8884.1 3797.75
0.744 8908.01 3801.1
0.745 8931.96 3804.42
0.746 8955.94 3807.72
0.747 8979.95 3811
0.748 9003.99 3814.25
0.749 9028.07 3817.48
0.75 9052.17 3820.69
0.751 9076.31 3823.87
0.752 9100.48 3827.03
0.753 9124.69 3830.16
0.754 9148.92 3833.27
0.755 9173.19 3836.36
0.756 9197.49 3839.42
0.757 9221.82 3842.46
0.758 9246.19 3845.48
0.759 9270.58 3848.47
0.76 9295.01 3851.43
0.761 9319.47 3854.38
0.762 9343.96 3857.29
0.763 9368.49 3860.19
0.764 9393.05 3863.05
0.765 9417.64 3865.9
0.766 9442.26 3868.71
0.767 9466.91 3871.51
0.768 9491.6 3874.28
0.769 9516.31 3877.02
0.77 9541.06 3879.74
0.771 9565.85 3882.43
0.772 9590.66 3885.1
0.773 9615.51 3887.74
0.774 9640.38 3890.36
0.775 9665.29 3892.95
0.776 9690.24 3895.52
0.777 9715.21 3898.06
0.778 9740.22 3900.58
0.779 9765.26 3903.07
0.78 9790.33 3905.53
0.781 9815.43 3907.97
0.782 9840.57 3910.38
0.783 9865.74 3912.77
0.784 9890.94 3915.13
0.785 9916.17 3917.46
0.786 9941.43 3919.77
0.787 9966.73 3922.05
0.788 9992.06 3924.3
0.789 10017.4 3926.53
0.79 10042.8 3928.73
0.791 10068.2 3930.91
0.792 10093.7 3933.05
0.793 10119.2 3935.18
0.794 10144.7 3937.27
0.795 10170.3 3939.34
0.796 10195.8 3941.38
0.797 10221.5 3943.39
0.798 10247.1 3945.38
0.799 10272.8 3947.34
0.8 10298.5 3949.27
0.801 10324.3 3951.17
0.802 10350 3953.05
0.803 10375.8 3954.9
0.804 10401.7 3956.72
0.805 10427.6 3958.52
0.806 10453.5 3960.28
0.807 10479.4 3962.02
0.808 10505.4 3963.73
0.809 10531.4 3965.42
0.81 10557.4 3967.07
0.811 10583.5 3968.7
0.812 10609.6 3970.3
0.813 10635.7 3971.87
0.814 10661.9 3973.41
0.815 10688.1 3974.92
0.816 10714.3 3976.41
0.817 10740.6 3977.86
0.818 10766.9 3979.29
0.819 10793.2 3980.69
0.82 10819.5 3982.06
0.821 10845.9 3983.4
0.822 10872.3 3984.71
0.823 10898.8 3986
0.824 10925.3 3987.25
0.825 10951.8 3988.47
0.826 10978.4 3989.67
0.827 11004.9 3990.84
0.828 11031.6 3991.97
0.829 11058.2 3993.08
0.83 11084.9 3994.16
0.831 11111.6 3995.21
0.832 11138.3 3996.23
0.833 11165.1 3997.22
0.834 11191.9 3998.18
0.835 11218.8 3999.1
0.836 11245.6 4000
0.837 11272.5 4000.87
0.838 11299.5 4001.71
0.839 11326.4 4002.52
0.84 11353.4 4003.3
0.841 11380.5 4004.05
0.842 11407.5 4004.77
0.843 11434.6 4005.45
0.844 11461.7 4006.11
0.845 11488.9 4006.74
0.846 11516.1 4007.33
0.847 11543.3 4007.9
0.848 11570.6 4008.43
0.849 11597.9 4008.93
0.85 11625.2 4009.41
0.851 11652.5 4009.85
0.852 11679.9 4010.26
0.853 11707.4 4010.63
0.854 11734.8 4010.98
0.855 11762.3 4011.3
0.856 11789.8 4011.58
0.857 11817.3 4011.83
0.858 11844.9 4012.05
0.859 11872.5 4012.24
0.86 11900.2 4012.4
0.861 11927.9 4012.53
0.862 11955.6 4012.62
0.863 11983.3 4012.68
0.864 12011.1 4012.71
0.865 12038.9 4012.71
0.866 12066.7 4012.68
0.867 12094.6 4012.61
0.868 12122.5 4012.51
0.869 12150.4 4012.38
0.87 12178.4 4012.21
0.871 12206.4 4012.02
0.872 12234.4 4011.79
0.873 12262.5 4011.52
0.874 12290.5 4011.23
0.875 12318.7 4010.9
0.876 12346.8 4010.54
0.877 12375 4010.15
0.878 12403.2 4009.72
0.879 12431.5 4009.26
0.88 12459.8 4008.77
0.881 12488.1 4008.24
0.882 12516.4 4007.68
0.883 12544.8 4007.09
0.884 12573.2 4006.46
0.885 12601.7 4005.8
0.886 12630.2 4005.1
0.887 12658.7 4004.38
0.888 12687.2 4003.61
0.889 12715.8 4002.82
0.89 12744.4 4001.99
0.891 12773 4001.12
0.892 12801.7 4000.22
0.893 12830.4 3999.29
0.894 12859.2 3998.33
0.895 12887.9 3997.32
0.896 12916.7 3996.29
0.897 12945.6 3995.22
0.898 12974.4 3994.11
0.899 13003.3 3992.97
0.9 13032.2 3991.8
0.901 13061.2 3990.59
0.902 13090.2 3989.35
0.903 13119.2 3988.07
0.904 13148.3 3986.75
0.905 13177.4 3985.41
0.906 13206.5 3984.02
0.907 13235.6 3982.6
0.908 13264.8 3981.15
0.909 13294 3979.66
0.91 13323.3 3978.13
0.911 13352.6 3976.57
0.912 13381.9 3974.97
0.913 13411.2 3973.34
0.914 13440.6 3971.67
0.915 13470 3969.97
0.916 13499.5 3968.23
0.917 13528.9 3966.45
0.918 13558.4 3964.64
0.919 13588 3962.79
0.92 13617.6 3960.91
0.921 13647.2 3958.99
0.922 13676.8 3957.03
0.923 13706.5 3955.04
0.924 13736.2 3953.01
0.925 13765.9 3950.94
0.926 13795.7 3948.84
0.927 13825.5 3946.7
0.928 13855.3 3944.52
0.929 13885.1 3942.3
0.93 13915 3940.05
0.931 13945 3937.77
0.932 13974.9 3935.44
0.933 14004.9 3933.08
0.934 14034.9 3930.68
0.935 14065 3928.24
0.936 14095.1 3925.77
0.937 14125.2 3923.26
0.938 14155.3 3920.71
0.939 14185.5 3918.12
0.94 14215.7 3915.49
0.941 14246 3912.83
0.942 14276.3 3910.13
0.943 14306.6 3907.39
0.944 14336.9 3904.62
0.945 14367.3 3901.8
0.946 14397.7 3898.95
0.947 14428.1 3896.06
0.948 14458.6 3893.13
0.949 14489.1 3890.16
0.95 14519.6 3887.16
0.951 14550.2 3884.11
0.952 14580.8 3881.03
0.953 14611.4 3877.91
0.954 14642.1 3874.75
0.955 14672.8 3871.55
0.956 14703.5 3868.31
0.957 14734.3 3865.03
0.958 14765.1 3861.72
0.959 14795.9 3858.36
0.96 14826.8 3854.97
0.961 14857.7 3851.53
0.962 14888.6 3848.06
0.963 14919.5 3844.55
0.964 14950.5 3840.99
0.965 14981.5 3837.4
0.966 15012.6 3833.77
0.967 15043.7 3830.1
0.968 15074.8 3826.39
0.969 15105.9 3822.64
0.97 15137.1 3818.85
0.971 15168.3 3815.02
0.972 15199.6 3811.15
0.973 15230.8 3807.23
0.974 15262.1 3803.28
0.975 15293.5 3799.29
0.976 15324.9 3795.26
0.977 15356.3 3791.19
0.978 15387.7 3787.07
0.979 15419.2 3782.92
0.98 15450.7 3778.73
0.981 15482.2 3774.49
0.982 15513.8 3770.21
0.983 15545.3 3765.9
0.984 15577 3761.54
0.985 15608.6 3757.14
0.986 15640.3 3752.7
0.987 15672.1 3748.22
0.988 15703.8 3743.7
0.989 15735.6 3739.13
0.99 15767.4 3734.53
0.991 15799.3 3729.88
0.992 15831.2 3725.19
0.993 15863.1 3720.46
0.994 15895 3715.69
0.995 15927 3710.88
0.996 15959 3706.02
0.997 15991.1 3701.12
0.998 16023.2 3696.18
0.999 16055.3 3691.2
1 16087.4 3686.18
1.001 16119.6 3681.11
1.002 16151.8 3676.01
1.003 16184 3670.85
1.004 16216.3 3665.66
1.005 16248.6 3660.43
1.006 16280.9 3655.15
1.007 16313.3 3649.83
1.008 16345.7 3644.46
1.009 16378.1 3639.06
1.01 16410.6 3633.61
1.011 16443.1 3628.11
1.012 16475.6 3622.58
1.013 16508.2 3617
1.014 16540.8 3611.38
1.015 16573.4 3605.71
1.016 16606.1 3600
1.017 16638.7 3594.25
1.018 16671.5 3588.46
1.019 16704.2 3582.62
1.02 16737 3576.73
1.021 16769.8 3570.81
1.022 16802.7 3564.84
1.023 16835.6 3558.82
1.024 16868.5 3552.76
1.025 16901.4 3546.66
1.026 16934.4 3540.51
1.027 16967.4 3534.32
1.028 17000.4 3528.09
1.029 17033.5 3521.81
1.03 17066.6 3515.49
1.031 17099.8 3509.12
1.032 17132.9 3502.7
1.033 17166.1 3496.25
1.034 17199.4 3489.75
1.035 17232.6 3483.2
1.036 17265.9 3476.61
1.037 17299.3 3469.97
1.038 17332.6 3463.29
1.039 17366 3456.56
1.04 17399.5 3449.79
1.041 17432.9 3442.97
1.042 17466.4 3436.11
1.043 17499.9 3429.2
1.044 17533.5 3422.25
1.045 17567.1 3415.25
1.046 17600.7 3408.21
1.047 17634.4 3401.12
1.048 17668.1 3393.98
1.049 17701.8 3386.8
1.05 17735.5 3379.57
1.051 17769.3 3372.3
1.052 17803.1 3364.98
1.053 17837 3357.61
1.054 17870.8 3350.2
1.055 17904.8 3342.74
1.056 17938.7 3335.24
1.057 17972.7 3327.69
1.058 18006.7 3320.09
1.059 18040.7 3312.45
1.06 18074.8 3304.76
1.061 18108.9 3297.02
1.062 18143 3289.24
1.063 18177.2 3281.4
1.064 18211.4 3273.53
1.065 18245.6 3265.6
1.066 18279.9 3257.63
1.067 18314.2 3249.61
1.068 18348.5 3241.54
1.069 18382.9 3233.43
1.07 18417.3 3225.27
1.071 18451.7 3217.06
1.072 18486.1 3208.81
1.073 18520.6 3200.5
1.074 18555.2 3192.15
1.075 18589.7 3183.75
1.076 18624.3 3175.31
1.077 18658.9 3166.81
1.078 18693.6 3158.27
1.079 18728.2 3149.68
1.08 18763 3141.04
1.081 18797.7 3132.35
1.082 18832.5 3123.62
1.083 18867.3 3114.83
1.084 18902.1 3106
1.085 18937 3097.12
1.086 18971.9 3088.19
1.087 19006.9 3079.21
1.088 19041.8 3070.18
1.089 19076.8 3061.11
1.09 19111.9 3051.99
1.091 19146.9 3042.81
1.092 19182 3033.59
1.093 19217.2 3024.32
1.094 19252.3 3015
1.095 19287.5 3005.63
1.096 19322.8 2996.21
1.097 19358 2986.74
1.098 19393.3 2977.22
1.099 19428.6 2967.66
1.1 19464 2958.04
1.101 19499.4 2948.37
1.102 19534.8 2938.65
1.103 19570.3 2928.89
1.104 19605.7 2919.07
1.105 19641.3 2909.21
1.106 19676.8 2899.29
1.107 19712.4 2889.32
1.108 19748 2879.31
1.109 19783.7 2869.24
1.11 19819.3 2859.12
1.111 19855 2848.95
1.112 19890.8 2838.74
1.113 19926.6 2828.47
1.114 19962.4 2818.15
1.115 19998.2 2807.78
1.116 20034.1 2797.36
1.117 20070 2786.88
1.118 20105.9 2776.36
1.119 20141.9 2765.79
1.12 20177.9 2755.16
1.121 20213.9 2744.49
1.122 20250 2733.76
1.123 20286.1 2722.98
1.124 20322.2 2712.15
1.125 20358.4 2701.27
1.126 20394.6 2690.34
1.127 20430.8 2679.35
1.128 20467 2668.31
1.129 20503.3 2657.23
1.13 20539.6 2646.09
1.131 20576 2634.89
1.132 20612.4 2623.65
1.133 20648.8 2612.35
1.134 20685.3 2601.01
1.135 20721.7 2589.6
1.136 20758.3 2578.15
1.137 20794.8 2566.65
1.138 20831.4 2555.09
1.139 20868 2543.48
1.14 20904.6 2531.82
1.141 20941.3 2520.1
1.142 20978 2508.33
1.143 21014.7 2496.51
1.144 21051.5 2484.64
1.145 21088.3 2472.71
1.146 21125.2 2460.73
1.147 21162 2448.7
1.148 21198.9 2436.61
1.149 21235.9 2424.47
1.15 21272.8 2412.28
1.151 21309.8 2400.04
1.152 21346.8 2387.74
1.153 21383.9 2375.38
1.154 21421 2362.98
1.155 21458.1 2350.52
1.156 21495.3 2338
1.157 21532.5 2325.43
1.158 21569.7 2312.81
1.159 21606.9 2300.14
1.16 21644.2 2287.41
1.161 21681.5 2274.62
1.162 21718.9 2261.78
1.163 21756.3 2248.89
1.164 21793.7 2235.94
1.165 21831.1 2222.94
1.166 21868.6 2209.88
1.167 21906.1 2196.77
1.168 21943.7 2183.61
1.169 21981.2 2170.39
1.17 22018.9 2157.11
1.171 22056.5 2143.78
1.172 22094.2 2130.4
1.173 22131.9 2116.96
1.174 22169.6 2103.46
1.175 22207.4 2089.91
1.176 22245.2 2076.31
1.177 22283 2062.65
1.178 22320.9 2048.93
1.179 22358.8 2035.16
1.18 22396.7 2021.33
1.181 22434.7 2007.45
1.182 22472.6 1993.51
1.183 22510.7 1979.52
1.184 22548.7 1965.47
1.185 22586.8 1951.36
1.186 22624.9 1937.2
1.187 22663.1 1922.98
1.188 22701.3 1908.71
1.189 22739.5 1894.38
1.19 22777.7 1879.99
1.191 22816 1865.54
1.192 22854.3 1851.05
1.193 22892.7 1836.49
1.194 22931.1 1821.88
1.195 22969.5 1807.21
1.196 23007.9 1792.48
1.197 23046.4 1777.7
1.198 23084.9 1762.86
1.199 23123.4 1747.96
1.2 23162 1733.01
1.201 23200.6 1717.99
1.202 23239.2 1702.93
1.203 23277.9 1687.8
1.204 23316.6 1672.62
1.205 23355.3 1657.38
1.206 23394.1 1642.08
1.207 23432.9 1626.72
1.208 23471.7 1611.31
1.209 23510.6 1595.84
1.21 23549.5 1580.31
1.211 23588.4 1564.72
1.212 23627.4 1549.08
1.213 23666.4 1533.38
1.214 23705.4 1517.62
1.215 23744.4 1501.8
1.216 23783.5 1485.92
1.217 23822.6 1469.98
1.218 23861.8 1453.99
1.219 23901 1437.94
1.22 23940.2 1421.83
1.221 23979.4 1405.66
1.222 24018.7 1389.43
1.223 24058 1373.14
1.224 24097.4 1356.8
1.225 24136.7 1340.39
1.226 24176.1 1323.93
1.227 24215.6 1307.41
1.228 24255.1 1290.82
1.229 24294.6 1274.18
1.23 24334.1 1257.48
1.231 24373.7 1240.72
1.232 24413.3 1223.9
1.233 24452.9 1207.03
1.234 24492.6 1190.09
1.235 24532.3 1173.09
1.236 24572 1156.03
1.237 24611.7 1138.92
1.238 24651.5 1121.74
1.239 24691.4 1104.5
1.24 24731.2 1087.2
1.241 24771.1 1069.85
1.242 24811 1052.43
1.243 24851 1034.95
1.244 24891 1017.41
1.245 24931 999.815
1.246 24971 982.156
1.247 25011.1 964.437
1.248 25051.2 946.657
1.249 25091.4 928.816
1.25 25131.6 910.914
1.251 25171.8 892.952
1.252 25212 874.929
1.253 25252.3 856.844
1.254 25292.6 838.699
1.255 25332.9 820.492
1.256 25373.3 802.225
1.257 25413.7 783.896
1.258 25454.1 765.505
1.259 25494.6 747.054
1.26 25535.1 728.54
1.261 25575.6 709.965
1.262 25616.2 691.329
1.263 25656.8 672.63
1.264 25697.4 653.87
1.265 25738.1 635.048
1.266 25778.8 616.164
1.267 25819.5 597.218
1.268 25860.3 578.21
1.269 25901 559.14
1.27 25941.9 540.007
1.271 25982.7 520.812
1.272 26023.6 501.555
1.273 26064.5 482.235
1.274 26105.5 462.853
1.275 26146.5 443.408
1.276 26187.5 423.9
1.277 26228.5 404.33
1.278 26269.6 384.697
1.279 26310.7 365
1.28 26351.8 345.241
1.281 26393 325.419
1.282 26434.2 305.533
1.283 26475.5 285.585
1.284 26516.7 265.573
1.285 26558 245.497
1.286 26599.4 225.359
1.287 26640.7 205.156
1.288 26682.1 184.89
1.289 26723.6 164.561
1.29 26765 144.167
1.291 26806.5 123.71
1.292 26848.1 103.189
1.293 26889.6 82.6042
1.294 26931.2 61.9551
1.295 26972.8 41.2419
1.296 27014.5 20.4646
1.297 27056.2 -0.377046
