0 0 0
0.001 0.0286788 0.0409328
0.002 0.0860365 0.110445
0.003 0.172073 0.208463
0.004 0.286788 0.334912
0.005 0.430182 0.489717
0.006 0.602255 0.672804
0.007 0.803007 0.8841
0.008 1.03244 1.12353
0.009 1.29055 1.39102
0.01 1.57734 1.68649
0.011 1.8928 2.00987
0.012 2.23695 2.36109
0.013 2.60977 2.74007
0.014 3.01128 3.14674
0.015 3.44146 3.58102
0.016 3.90032 4.04284
0.017 4.38786 4.53212
0.018 4.90408 5.04879
0.019 5.44898 5.59278
0.02 6.02255 6.16401
0.021 6.62481 6.76241
0.022 7.25574 7.38789
0.023 7.91535 8.0404
0.024 8.60364 8.71985
0.025 9.32061 9.42617
0.026 10.0663 10.1593
0.027 10.8406 10.9191
0.028 11.6436 11.7056
0.029 12.4753 12.5186
0.03 13.3356 13.3582
0.031 14.2247 14.2242
0.032 15.1424 15.1165
0.033 16.0888 16.0351
0.034 17.0639 16.9799
0.035 18.0676 17.9508
0.036 19.1001 18.9477
0.037 20.1612 19.9707
0.038 21.251 21.0195
0.039 22.3694 22.0942
0.04 23.5166 23.1946
0.041 24.6924 24.3207
0.042 25.8969 25.4724
0.043 27.1301 26.6497
0.044 28.3919 27.8524
0.045 29.6824 29.0804
0.046 31.0016 30.3338
0.047 32.3495 31.6124
0.048 33.7261 32.9162
0.049 35.1313 34.245
0.05 36.5652 35.5989
0.051 38.0278 36.9777
0.052 39.519 38.3813
0.053 41.0389 39.8097
0.054 42.5875 41.2629
0.055 44.1648 42.7406
0.056 45.7707 44.243
0.057 47.4053 45.7698
0.058 49.0686 47.321
0.059 50.7606 48.8966
0.06 52.4812 50.4965
0.061 54.2306 52.1205
0.062 56.0086 53.7687
0.063 57.8153 55.4409
0.064 59.6507 57.1371
0.065 61.5148 58.8572
0.066 63.4076 60.6011
0.067 65.3291 62.3688
0.068 67.2792 64.1602
0.069 69.2581 65.9752
0.07 71.2657 67.8137
0.071 73.302 69.6757
0.072 75.3669 71.5611
0.073 77.4606 73.4698
0.074 79.5829 75.4017
0.075 81.734 77.3568
0.076 83.9137 79.335
0.077 86.1221 81.3362
0.078 88.3593 83.3604
0.079 90.6251 85.4074
0.08 92.9196 87.4772
0.081 95.2428 89.5697
0.082 97.5947 91.6849
0.083 99.9752 93.8226
0.084 102.385 95.9828
0.085 104.822 98.1654
0.086 107.289 100.37
0.087 109.784 102.598
0.088 112.308 104.847
0.089 114.861 107.119
0.09 117.442 109.412
0.091 120.053 111.728
0.092 122.691 114.065
0.093 125.359 116.424
0.094 128.055 118.805
0.095 130.78 121.208
0.096 133.533 123.632
0.097 136.315 126.078
0.098 139.126 128.545
0.099 141.966 131.034
0.1 144.834 133.544
0.101 147.731 136.075
0.102 150.656 138.627
0.103 153.611 141.201
0.104 156.594 143.795
0.105 159.605 146.41
0.106 162.646 149.046
0.107 165.714 151.703
0.108 168.812 154.381
0.109 171.939 157.079
0.11 175.094 159.798
0.111 178.277 162.537
0.112 181.49 165.297
0.113 184.731 168.077
0.114 188.001 170.877
0.115 191.299 173.697
0.116 194.626 176.538
0.117 197.982 179.398
0.118 201.367 182.279
0.119 204.78 185.179
0.12 208.222 188.099
0.121 211.692 191.039
0.122 215.191 193.999
0.123 218.719 196.978
0.124 222.276 199.977
0.125 225.861 202.995
0.126 229.475 206.032
0.127 233.118 209.089
0.128 236.789 212.165
0.129 240.489 215.26
0.13 244.218 218.374
0.131 247.975 221.507
0.132 251.761 224.659
0.133 255.576 227.83
0.134 259.419 231.02
0.135 263.292 234.228
0.136 267.192 237.455
0.137 271.122 240.701
0.138 275.08 243.965
0.139 279.067 247.247
0.14 283.082 250.548
0.141 287.127 253.867
0.142 291.199 257.204
0.143 295.301 260.559
0.144 299.431 263.933
0.145 303.59 267.324
0.146 307.778 270.733
0.147 311.994 274.16
0.148 316.239 277.604
0.149 320.513 281.067
0.15 324.815 284.546
0.151 329.146 288.044
0.152 333.506 291.559
0.153 337.894 295.091
0.154 342.311 298.64
0.155 346.757 302.207
0.156 351.231 305.79
0.157 355.735 309.391
0.158 360.266 313.009
0.159 364.827 316.644
0.16 369.416 320.295
0.161 374.034 323.963
0.162 378.68 327.648
0.163 383.356 331.35
0.164 388.059 335.068
0.165 392.792 338.802
0.166 397.553 342.553
0.167 402.343 346.321
0.168 407.162 350.104
0.169 412.009 353.904
0.17 416.885 357.72
0.171 421.79 361.551
0.172 426.723 365.399
0.173 431.685 369.263
0.174 436.676 373.142
0.175 441.695 377.037
0.176 446.743 380.948
0.177 451.82 384.874
0.178 456.926 388.816
0.179 462.06 392.773
0.18 467.223 396.745
0.181 472.414 400.733
0.182 477.634 404.736
0.183 482.883 408.754
0.184 488.161 412.788
0.185 493.467 416.836
0.186 498.802 420.899
0.187 504.165 424.977
0.188 509.558 429.069
0.189 514.979 433.177
0.19 520.428 437.298
0.191 525.907 441.435
0.192 531.414 445.586
0.193 536.949 449.751
0.194 542.514 453.931
0.195 548.107 458.124
0.196 553.728 462.332
0.197 559.379 466.554
0.198 565.058 470.79
0.199 570.766 475.04
0.2 576.502 479.304
0.201 582.267 483.582
0.202 588.061 487.873
0.203 593.884 492.178
0.204 599.735 496.497
0.205 605.615 500.829
0.206 611.523 505.174
0.207 617.46 509.533
0.208 623.426 513.905
0.209 629.421 518.29
0.21 635.444 522.688
0.211 641.496 527.1
0.212 647.577 531.524
0.213 653.686 535.961
0.214 659.824 540.411
0.215 665.991 544.874
0.216 672.186 549.349
0.217 678.41 553.837
0.218 684.663 558.338
0.219 690.944 562.851
0.22 697.255 567.376
0.221 703.593 571.914
0.222 709.961 576.464
0.223 716.357 581.026
0.224 722.782 585.6
0.225 729.235 590.186
0.226 735.718 594.784
0.227 742.228 599.394
0.228 748.768 604.016
0.229 755.336 608.649
0.23 761.933 613.294
0.231 768.559 617.951
0.232 775.213 622.619
0.233 781.896 627.298
0.234 788.608 631.989
0.235 795.348 636.691
0.236 802.117 641.404
0.237 808.915 646.128
0.238 815.741 650.863
0.239 822.596 655.61
0.24 829.48 660.367
0.241 836.392 665.135
0.242 843.333 669.914
0.243 850.303 674.703
0.244 857.302 679.503
0.245 864.329 684.313
0.246 871.385 689.134
0.247 878.469 693.966
0.248 885.582 698.807
0.249 892.724 703.659
0.25 899.895 708.521
0.251 907.094 713.393
0.252 914.322 718.275
0.253 921.579 723.167
0.254 928.864 728.068
0.255 936.178 732.98
0.256 943.521 737.901
0.257 950.892 742.832
0.258 958.292 747.772
0.259 965.721 752.722
0.26 973.178 757.681
0.261 980.664 762.65
0.262 988.179 767.627
0.263 995.722 772.614
0.264 1003.29 777.61
0.265 1010.9 782.615
0.266 1018.52 787.629
0.267 1026.18 792.652
0.268 1033.87 797.684
0.269 1041.59 802.724
0.27 1049.33 807.773
0.271 1057.1 812.831
0.272 1064.9 817.897
0.273 1072.73 822.972
0.274 1080.59 828.055
0.275 1088.48 833.146
0.276 1096.4 838.245
0.277 1104.34 843.353
0.278 1112.32 848.469
0.279 1120.32 853.592
0.28 1128.35 858.724
0.281 1136.41 863.863
0.282 1144.5 869.01
0.283 1152.61 874.165
0.284 1160.76 879.327
0.285 1168.93 884.497
0.286 1177.14 889.674
0.287 1185.37 894.859
0.288 1193.63 900.051
0.289 1201.92 905.251
0.29 1210.24 910.457
0.291 1218.58 915.671
0.292 1226.96 920.891
0.293 1235.36 926.119
0.294 1243.8 931.353
0.295 1252.26 936.594
0.296 1260.75 941.842
0.297 1269.27 947.097
0.298 1277.81 952.358
0.299 1286.39 957.626
0.3 1294.99 962.9
0.301 1303.63 968.18
0.302 1312.29 973.467
0.303 1320.98 978.76
0.304 1329.7 984.059
0.305 1338.45 989.364
0.306 1347.22 994.675
0.307 1356.03 999.992
0.308 1364.86 1005.31
0.309 1373.73 1010.64
0.31 1382.62 1015.98
0.311 1391.54 1021.32
0.312 1400.49 1026.66
0.313 1409.46 1032.01
0.314 1418.47 1037.37
0.315 1427.51 1042.73
0.316 1436.57 1048.1
0.317 1445.66 1053.47
0.318 1454.78 1058.85
0.319 1463.93 1064.23
0.32 1473.11 1069.61
0.321 1482.32 1075.01
0.322 1491.55 1080.4
0.323 1500.82 1085.8
0.324 1510.11 1091.21
0.325 1519.43 1096.62
0.326 1528.78 1102.04
0.327 1538.16 1107.45
0.328 1547.57 1112.88
0.329 1557.01 1118.31
0.33 1566.47 1123.74
0.331 1575.97 1129.17
0.332 1585.49 1134.61
0.333 1595.04 1140.06
0.334 1604.62 1145.51
0.335 1614.23 1150.96
0.336 1623.86 1156.41
0.337 1633.53 1161.87
0.338 1643.23 1167.34
0.339 1652.95 1172.8
0.34 1662.7 1178.27
0.341 1672.48 1183.75
0.342 1682.29 1189.22
0.343 1692.13 1194.7
0.344 1702 1200.19
0.345 1711.89 1205.67
0.346 1721.81 1211.16
0.347 1731.77 1216.65
0.348 1741.75 1222.15
0.349 1751.76 1227.64
0.35 1761.8 1233.15
0.351 1771.87 1238.65
0.352 1781.96 1244.15
0.353 1792.09 1249.66
0.354 1802.24 1255.17
0.355 1812.42 1260.68
0.356 1822.63 1266.2
0.357 1832.87 1271.72
0.358 1843.14 1277.24
0.359 1853.44 1282.76
0.36 1863.76 1288.28
0.361 1874.12 1293.81
0.362 1884.5 1299.33
0.363 1894.91 1304.86
0.364 1905.35 1310.39
0.365 1915.82 1315.92
0.366 1926.32 1321.46
0.367 1936.85 1326.99
0.368 1947.4 1332.53
0.369 1957.98 1338.06
0.37 1968.6 1343.6
0.371 1979.24 1349.14
0.372 1989.91 1354.68
0.373 2000.61 1360.23
0.374 2011.33 1365.77
0.375 2022.09 1371.31
0.376 2032.87 1376.86
0.377 2043.69 1382.4
0.378 2054.53 1387.95
0.379 2065.4 1393.49
0.38 2076.3 1399.04
0.381 2087.23 1404.59
0.382 2098.18 1410.14
0.383 2109.17 1415.68
0.384 2120.18 1421.23
0.385 2131.23 1426.78
0.386 2142.3 1432.33
0.387 2153.4 1437.88
0.388 2164.53 1443.42
0.389 2175.68 1448.97
0.39 2186.87 1454.52
0.391 2198.08 1460.06
0.392 2209.33 1465.61
0.393 2220.6 1471.16
0.394 2231.9 1476.7
0.395 2243.23 1482.25
0.396 2254.59 1487.79
0.397 2265.98 1493.34
0.398 2277.39 1498.88
0.399 2288.83 1504.42
0.4 2300.31 1509.96
0.401 2311.81 1515.5
0.402 2323.34 1521.04
0.403 2334.9 1526.58
0.404 2346.49 1532.11
0.405 2358.1 1537.65
0.406 2369.75 1543.18
0.407 2381.42 1548.71
0.408 2393.12 1554.24
0.409 2404.85 1559.77
0.41 2416.61 1565.29
0.411 2428.4 1570.82
0.412 2440.22 1576.34
0.413 2452.07 1581.86
0.414 2463.94 1587.38
0.415 2475.84 1592.9
0.416 2487.78 1598.41
0.417 2499.74 1603.92
0.418 2511.72 1609.43
0.419 2523.74 1614.94
0.42 2535.79 1620.44
0.421 2547.86 1625.95
0.422 2559.97 1631.45
0.423 2572.1 1636.94
0.424 2584.26 1642.44
0.425 2596.45 1647.93
0.426 2608.67 1653.41
0.427 2620.92 1658.9
0.428 2633.19 1664.38
0.429 2645.5 1669.86
0.43 2657.83 1675.34
0.431 2670.19 1680.81
0.432 2682.59 1686.28
0.433 2695 1691.74
0.434 2707.45 1697.2
0.435 2719.93 1702.66
0.436 2732.44 1708.12
0.437 2744.97 1713.57
0.438 2757.53 1719.01
0.439 2770.12 1724.46
0.44 2782.74 1729.9
0.441 2795.39 1735.33
0.442 2808.07 1740.76
0.443 2820.78 1746.19
0.444 2833.51 1751.61
0.445 2846.28 1757.03
0.446 2859.07 1762.44
0.447 2871.89 1767.85
0.448 2884.74 1773.25
0.449 2897.62 1778.65
0.45 2910.52 1784.05
0.451 2923.46 1789.44
0.452 2936.42 1794.82
0.453 2949.42 1800.21
0.454 2962.44 1805.58
0.455 2975.49 1810.95
0.456 2988.57 1816.32
0.457 3001.68 1821.68
0.458 3014.81 1827.03
0.459 3027.98 1832.38
0.46 3041.17 1837.72
0.461 3054.39 1843.06
0.462 3067.65 1848.39
0.463 3080.93 1853.72
0.464 3094.23 1859.04
0.465 3107.57 1864.35
0.466 3120.94 1869.66
0.467 3134.33 1874.97
0.468 3147.75 1880.26
0.469 3161.21 1885.55
0.47 3174.69 1890.84
0.471 3188.2 1896.12
0.472 3201.73 1901.39
0.473 3215.3 1906.66
0.474 3228.9 1911.91
0.475 3242.52 1917.17
0.476 3256.17 1922.41
0.477 3269.86 1927.65
0.478 3283.57 1932.88
0.479 3297.3 1938.11
0.48 3311.07 1943.33
0.481 3324.87 1948.54
0.482 3338.69 1953.74
0.483 3352.55 1958.94
0.484 3366.43 1964.13
0.485 3380.34 1969.31
0.486 3394.28 1974.49
0.487 3408.25 1979.65
0.488 3422.24 1984.81
0.489 3436.27 1989.97
0.49 3450.32 1995.11
0.491 3464.41 2000.25
0.492 3478.52 2005.38
0.493 3492.66 2010.5
0.494 3506.83 2015.61
0.495 3521.03 2020.72
0.496 3535.25 2025.81
0.497 3549.51 2030.9
0.498 3563.79 2035.98
0.499 3578.1 2041.05
0.5 3592.45 2046.12
0.501 3606.81 2051.17
0.502 3621.21 2056.22
0.503 3635.64 2061.25
0.504 3650.1 2066.28
0.505 3664.58 2071.3
0.506 3679.09 2076.31
0.507 3693.64 2081.32
0.508 3708.21 2086.31
0.509 3722.81 2091.29
0.51 3737.43 2096.27
0.511 3752.09 2101.23
0.512 3766.78 2106.19
0.513 3781.49 2111.14
0.514 3796.23 2116.07
0.515 3811 2121
0.516 3825.8 2125.92
0.517 3840.63 2130.83
0.518 3855.49 2135.73
0.519 3870.38 2140.62
0.52 3885.29 2145.49
0.521 3900.23 2150.36
0.522 3915.21 2155.22
0.523 3930.21 2160.07
0.524 3945.24 2164.91
0.525 3960.3 2169.74
0.526 3975.38 2174.55
0.527 3990.5 2179.36
0.528 4005.64 2184.16
0.529 4020.82 2188.94
0.53 4036.02 2193.72
0.531 4051.25 2198.48
0.532 4066.51 2203.24
0.533 4081.79 2207.98
0.534 4097.11 2212.71
0.535 4112.45 2217.43
0.536 4127.83 2222.14
0.537 4143.23 2226.84
0.538 4158.66 2231.53
0.539 4174.12 2236.2
0.54 4189.61 2240.87
0.541 4205.13 2245.52
0.542 4220.67 2250.16
0.543 4236.25 2254.79
0.544 4251.85 2259.41
0.545 4267.48 2264.01
0.546 4283.14 2268.61
0.547 4298.83 2273.19
0.548 4314.55 2277.76
0.549 4330.3 2282.32
0.55 4346.07 2286.86
0.551 4361.88 2291.4
0.552 4377.71 2295.92
0.553 4393.57 2300.43
0.554 4409.46 2304.92
0.555 4425.38 2309.41
0.556 4441.33 2313.88
0.557 4457.3 2318.34
0.558 4473.31 2322.78
0.559 4489.34 2327.22
0.56 4505.4 2331.64
0.561 4521.49 2336.04
0.562 4537.61 2340.44
0.563 4553.76 2344.82
0.564 4569.94 2349.19
0.565 4586.14 2353.54
0.566 4602.38 2357.88
0.567 4618.64 2362.21
0.568 4634.93 2366.52
0.569 4651.25 2370.82
0.57 4667.6 2375.11
0.571 4683.98 2379.38
0.572 4700.38 2383.64
0.573 4716.82 2387.89
0.574 4733.28 2392.12
0.575 4749.78 2396.34
0.576 4766.3 2400.54
0.577 4782.85 2404.73
0.578 4799.42 2408.91
0.579 4816.03 2413.07
0.58 4832.67 2417.21
0.581 4849.33 2421.34
0.582 4866.02 2425.46
0.583 4882.75 2429.56
0.584 4899.5 2433.65
0.585 4916.28 2437.72
0.586 4933.08 2441.78
0.587 4949.92 2445.83
0.588 4966.79 2449.85
0.589 4983.68 2453.87
0.59 5000.6 2457.87
0.591 5017.55 2461.85
0.592 5034.53 2465.82
0.593 5051.54 2469.77
0.594 5068.58 2473.7
0.595 5085.65 2477.63
0.596 5102.74 2481.53
0.597 5119.86 2485.42
0.598 5137.02 2489.3
0.599 5154.2 2493.15
0.6 5171.41 2497
0.601 5188.64 2500.82
0.602 5205.91 2504.63
0.603 5223.21 2508.43
0.604 5240.53 2512.21
0.605 5257.88 2515.97
0.606 5275.26 2519.71
0.607 5292.67 2523.44
0.608 5310.11 2527.16
0.609 5327.58 2530.85
0.61 5345.08 2534.53
0.611 5362.6 2538.19
0.612 5380.15 2541.84
0.613 5397.74 2545.47
0.614 5415.35 2549.08
0.615 5432.99 2552.68
0.616 5450.66 2556.25
0.617 5468.35 2559.82
0.618 5486.08 2563.36
0.619 5503.83 2566.89
0.62 5521.62 2570.4
0.621 5539.43 2573.89
0.622 5557.27 2577.36
0.623 5575.14 2580.82
0.624 5593.03 2584.26
0.625 5610.96 2587.68
0.626 5628.92 2591.08
0.627 5646.9 2594.47
0.628 5664.91 2597.83
0.629 5682.95 2601.18
0.63 5701.02 2604.51
0.631 5719.12 2607.83
0.632 5737.25 2611.12
0.633 5755.41 2614.4
0.634 5773.59 2617.66
0.635 5791.8 2620.9
0.636 5810.05 2624.12
0.637 5828.32 2627.32
0.638 5846.61 2630.5
0.639 5864.94 2633.67
0.64 5883.3 2636.81
0.641 5901.68 2639.94
0.642 5920.1 2643.05
0.643 5938.54 2646.14
0.644 5957.01 2649.21
0.645 5975.51 2652.26
0.646 5994.04 2655.29
0.647 6012.6 2658.3
0.648 6031.19 2661.29
0.649 6049.8 2664.26
0.65 6068.44 2667.22
0.651 6087.12 2670.15
0.652 6105.82 2673.07
0.653 6124.55 2675.96
0.654 6143.3 2678.83
0.655 6162.09 2681.69
0.656 6180.91 2684.52
0.657 6199.75 2687.33
0.658 6218.62 2690.13
0.659 6237.53 2692.9
0.66 6256.46 2695.65
0.661 6275.42 2698.39
0.662 6294.4 2701.1
0.663 6313.42 2703.79
0.664 6332.46 2706.46
0.665 6351.54 2709.11
0.666 6370.64 2711.74
0.667 6389.77 2714.35
0.668 6408.93 2716.94
0.669 6428.12 2719.5
0.67 6447.34 2722.05
0.671 6466.58 2724.57
0.672 6485.86 2727.08
0.673 6505.16 2729.56
0.674 6524.49 2732.02
0.675 6543.85 2734.46
0.676 6563.24 2736.87
0.677 6582.66 2739.27
0.678 6602.11 2741.64
0.679 6621.58 2744
0.68 6641.09 2746.33
0.681 6660.62 2748.63
0.682 6680.18 2750.92
0.683 6699.77 2753.19
0.684 6719.39 2755.43
0.685 6739.04 2757.65
0.686 6758.71 2759.85
0.687 6778.42 2762.02
0.688 6798.15 2764.17
0.689 6817.91 2766.3
0.69 6837.7 2768.41
0.691 6857.52 2770.5
0.692 6877.37 2772.56
0.693 6897.25 2774.6
0.694 6917.15 2776.62
0.695 6937.09 2778.61
0.696 6957.05 2780.58
0.697 6977.04 2782.53
0.698 6997.06 2784.45
0.699 7017.11 2786.35
0.7 7037.19 2788.23
0.701 7057.29 2790.09
0.702 7077.43 2791.92
0.703 7097.59 2793.73
0.704 7117.79 2795.51
0.705 7138.01 2797.27
0.706 7158.26 2799.01
0.707 7178.53 2800.72
0.708 7198.84 2802.41
0.709 7219.18 2804.07
0.71 7239.54 2805.71
0.711 7259.93 2807.33
0.712 7280.36 2808.92
0.713 7300.81 2810.49
0.714 7321.29 2812.03
0.715 7341.79 2813.55
0.716 7362.33 2815.05
0.717 7382.9 2816.52
0.718 7403.49 2817.96
0.719 7424.11 2819.38
0.72 7444.76 2820.78
0.721 7465.44 2822.15
0.722 7486.15 2823.49
0.723 7506.89 2824.81
0.724 7527.66 2826.11
0.725 7548.45 2827.38
0.726 7569.27 2828.63
0.727 7590.13 2829.85
0.728 7611.01 2831.04
0.729 7631.92 2832.21
0.73 7652.85 2833.35
0.731 7673.82 2834.47
0.732 7694.82 2835.56
0.733 7715.84 2836.63
0.734 7736.89 2837.67
0.735 7757.97 2838.69
0.736 7779.08 2839.67
0.737 7800.22 2840.64
0.738 7821.39 2841.57
0.739 7842.59 2842.48
0.74 7863.81 2843.37
0.741 7885.07 2844.22
0.742 7906.35 2845.06
0.743 7927.66 2845.86
0.744 7949 2846.64
0.745 7970.37 2847.39
0.746 7991.76 2848.11
0.747 8013.19 2848.81
0.748 8034.64 2849.48
0.749 8056.13 2850.13
0.75 8077.64 2850.74
0.751 8099.18 2851.33
0.752 8120.75 2851.89
0.753 8142.35 2852.43
0.754 8163.97 2852.94
0.755 8185.63 2853.42
0.756 8207.31 2853.87
0.757 8229.02 2854.3
0.758 8250.76 2854.69
0.759 8272.53 2855.06
0.76 8294.33 2855.41
0.761 8316.16 2855.72
0.762 8338.02 2856.01
0.763 8359.9 2856.27
0.764 8381.81 2856.5
0.765 8403.76 2856.7
0.766 8425.73 2856.87
0.767 8447.73 2857.02
0.768 8469.75 2857.13
0.769 8491.81 2857.22
0.77 8513.9 2857.28
0.771 8536.01 2857.31
0.772 8558.15 2857.32
0.773 8580.32 2857.29
0.774 8602.52 2857.24
0.775 8624.75 2857.15
0.776 8647.01 2857.04
0.777 8669.3 2856.9
0.778 8691.61 2856.73
0.779 8713.95 2856.53
0.78 8736.33 2856.3
0.781 8758.73 2856.04
0.782 8781.16 2855.75
0.783 8803.62 2855.44
0.784 8826.1 2855.09
0.785 8848.62 2854.71
0.786 8871.16 2854.31
0.787 8893.74 2853.87
0.788 8916.34 2853.4
0.789 8938.97 2852.91
0.79 8961.63 2852.38
0.791 8984.31 2851.82
0.792 9007.03 2851.24
0.793 9029.78 2850.62
0.794 9052.55 2849.97
0.795 9075.35 2849.3
0.796 9098.18 2848.59
0.797 9121.04 2847.85
0.798 9143.93 2847.08
0.799 9166.85 2846.28
0.8 9189.79 2845.45
0.801 9212.77 2844.59
0.802 9235.77 2843.7
0.803 9258.8 2842.78
0.804 9281.86 2841.82
0.805 9304.95 2840.84
0.806 9328.07 2839.82
0.807 9351.22 2838.77
0.808 9374.39 2837.69
0.809 9397.6 2836.58
0.81 9420.83 2835.44
0.811 9444.09 2834.27
0.812 9467.38 2833.06
0.813 9490.7 2831.82
0.814 9514.05 2830.56
0.815 9537.42 2829.26
0.816 9560.83 2827.92
0.817 9584.26 2826.56
0.818 9607.72 2825.16
0.819 9631.21 2823.73
0.82 9654.73 2822.27
0.821 9678.28 2820.78
0.822 9701.86 2819.25
0.823 9725.46 2817.69
0.824 9749.1 2816.1
0.825 9772.76 2814.48
0.826 9796.45 2812.82
0.827 9820.17 2811.13
0.828 9843.92 2809.41
0.829 9867.7 2807.66
0.83 9891.51 2805.87
0.831 9915.34 2804.05
0.832 9939.21 2802.19
0.833 9963.1 2800.31
0.834 9987.02 2798.38
0.835 10011 2796.43
0.836 10034.9 2794.44
0.837 10059 2792.42
0.838 10083 2790.37
0.839 10107.1 2788.28
0.84 10131.1 2786.16
0.841 10155.3 2784
0.842 10179.4 2781.81
0.843 10203.6 2779.59
0.844 10227.8 2777.33
0.845 10252 2775.04
0.846 10276.3 2772.71
0.847 10300.6 2770.35
0.848 10324.9 2767.96
0.849 10349.3 2765.53
0.85 10373.7 2763.07
0.851 10398.1 2760.57
0.852 10422.5 2758.04
0.853 10447 2755.47
0.854 10471.5 2752.87
0.855 10496 2750.23
0.856 10520.5 2747.56
0.857 10545.1 2744.85
0.858 10569.7 2742.11
0.859 10594.4 2739.33
0.86 10619 2736.52
0.861 10643.7 2733.67
0.862 10668.5 2730.79
0.863 10693.2 2727.87
0.864 10718 2724.92
0.865 10742.8 2721.93
0.866 10767.6 2718.9
0.867 10792.5 2715.84
0.868 10817.4 2712.74
0.869 10842.3 2709.61
0.87 10867.3 2706.44
0.871 10892.3 2703.24
0.872 10917.3 2700
0.873 10942.3 2696.72
0.874 10967.4 2693.41
0.875 10992.5 2690.06
0.876 11017.6 2686.67
0.877 11042.8 2683.25
0.878 11067.9 2679.79
0.879 11093.2 2676.29
0.88 11118.4 2672.76
0.881 11143.7 2669.19
0.882 11169 2665.59
0.883 11194.3 2661.94
0.884 11219.6 2658.26
0.885 11245 2654.55
0.886 11270.4 2650.79
0.887 11295.9 2647
0.888 11321.3 2643.17
0.889 11346.8 2639.31
0.89 11372.4 2635.4
0.891 11397.9 2631.46
0.892 11423.5 2627.48
0.893 11449.1 2623.47
0.894 11474.8 2619.41
0.895 11500.4 2615.32
0.896 11526.1 2611.19
0.897 11551.9 2607.02
0.898 11577.6 2602.81
0.899 11603.4 2598.57
0.9 11629.2 2594.29
0.901 11655.1 2589.97
0.902 11680.9 2585.61
0.903 11706.8 2581.21
0.904 11732.8 2576.78
0.905 11758.7 2572.3
0.906 11784.7 2567.79
0.907 11810.7 2563.24
0.908 11836.8 2558.65
0.909 11862.8 2554.02
0.91 11888.9 2549.35
0.911 11915.1 2544.64
0.912 11941.2 2539.89
0.913 11967.4 2535.11
0.914 11993.6 2530.28
0.915 12019.9 2525.42
0.916 12046.1 2520.51
0.917 12072.5 2515.57
0.918 12098.8 2510.59
0.919 12125.1 2505.57
0.92 12151.5 2500.5
0.921 12177.9 2495.4
0.922 12204.4 2490.26
0.923 12230.9 2485.08
0.924 12257.4 2479.86
0.925 12283.9 2474.6
0.926 12310.5 2469.3
0.927 12337 2463.95
0.928 12363.7 2458.57
0.929 12390.3 2453.15
0.93 12417 2447.69
0.931 12443.7 2442.18
0.932 12470.4 2436.64
0.933 12497.2 2431.05
0.934 12524 2425.43
0.935 12550.8 2419.76
0.936 12577.6 2414.05
0.937 12604.5 2408.31
0.938 12631.4 2402.52
0.939 12658.3 2396.69
0.94 12685.3 2390.82
0.941 12712.3 2384.9
0.942 12739.3 2378.95
0.943 12766.4 2372.95
0.944 12793.4 2366.92
0.945 12820.5 2360.84
0.946 12847.7 2354.72
0.947 12874.8 2348.56
0.948 12902 2342.35
0.949 12929.2 2336.11
0.95 12956.5 2329.82
0.951 12983.8 2323.49
0.952 13011.1 2317.12
0.953 13038.4 2310.71
0.954 13065.8 2304.25
0.955 13093.2 2297.75
0.956 13120.6 2291.21
0.957 13148 2284.63
0.958 13175.5 2278.01
0.959 13203 2271.34
0.96 13230.6 2264.63
0.961 13258.1 2257.87
0.962 13285.7 2251.08
0.963 13313.3 2244.24
0.964 13341 2237.36
0.965 13368.7 2230.43
0.966 13396.4 2223.46
0.967 13424.1 2216.45
0.968 13451.9 2209.4
0.969 13479.7 2202.3
0.97 13507.5 2195.16
0.971 13535.3 2187.97
0.972 13563.2 2180.75
0.973 13591.1 2173.47
0.974 13619.1 2166.16
0.975 13647 2158.8
0.976 13675 2151.4
0.977 13703 2143.95
0.978 13731.1 2136.46
0.979 13759.2 2128.92
0.98 13787.3 2121.34
0.981 13815.4 2113.72
0.982 13843.6 2106.05
0.983 13871.8 2098.34
0.984 13900 2090.58
0.985 13928.3 2082.78
0.986 13956.5 2074.94
0.987 13984.8 2067.04
0.988 14013.2 2059.11
0.989 14041.5 2051.13
0.99 14069.9 2043.1
0.991 14098.4 2035.03
0.992 14126.8 2026.92
0.993 14155.3 2018.76
0.994 14183.8 2010.55
0.995 14212.4 2002.3
0.996 14240.9 1994.01
0.997 14269.5 1985.67
0.998 14298.1 1977.28
0.999 14326.8 1968.85
1 14355.5 1960.37
1.001 14384.2 1951.85
1.002 14412.9 1943.28
1.003 14441.7 1934.66
1.004 14470.5 1926
1.005 14499.3 1917.29
1.006 14528.2 1908.54
1.007 14557.1 1899.74
1.008 14586 1890.89
1.009 14614.9 1882
1.01 14643.9 1873.06
1.011 14672.9 1864.08
1.012 14701.9 1855.05
1.013 14731 1845.97
1.014 14760 1836.84
1.015 14789.2 1827.67
1.016 14818.3 1818.45
1.017 14847.5 1809.19
1.018 14876.7 1799.88
1.019 14905.9 1790.52
1.02 14935.1 1781.11
1.021 14964.4 1771.66
1.022 14993.7 1762.16
1.023 15023.1 1752.61
1.024 15052.5 1743.01
1.025 15081.9 1733.37
1.026 15111.3 1723.68
1.027 15140.7 1713.94
1.028 15170.2 1704.15
1.029 15199.7 1694.32
1.03 15229.3 1684.44
1.031 15258.9 1674.51
1.032 15288.5 1664.53
1.033 15318.1 1654.5
1.034 15347.7 1644.43
1.035 15377.4 1634.31
1.036 15407.1 1624.14
1.037 15436.9 1613.92
1.038 15466.7 1603.65
1.039 15496.5 1593.34
1.04 15526.3 1582.97
1.041 15556.1 1572.56
1.042 15586 1562.1
1.043 15615.9 1551.58
1.044 15645.9 1541.03
1.045 15675.9 1530.42
1.046 15705.9 1519.76
1.047 15735.9 1509.05
1.048 15766 1498.3
1.049 15796 1487.49
1.05 15826.2 1476.64
1.051 15856.3 1465.73
1.052 15886.5 1454.78
1.053 15916.7 1443.77
1.054 15946.9 1432.72
1.055 15977.2 1421.62
1.056 16007.5 1410.47
1.057 16037.8 1399.26
1.058 16068.1 1388.01
1.059 16098.5 1376.71
1.06 16128.9 1365.36
1.061 16159.3 1353.95
1.062 16189.8 1342.5
1.063 16220.3 1331
1.064 16250.8 1319.44
1.065 16281.3 1307.84
1.066 16311.9 1296.19
1.067 16342.5 1284.48
1.068 16373.2 1272.73
1.069 16403.8 1260.92
1.07 16434.5 1249.06
1.071 16465.2 1237.15
1.072 16496 1225.19
1.073 16526.8 1213.18
1.074 16557.6 1201.12
1.075 16588.4 1189.01
1.076 16619.3 1176.84
1.077 16650.1 1164.63
1.078 16681.1 1152.36
1.079 16712 1140.04
1.08 16743 1127.67
1.081 16774 1115.25
1.082 16805 1102.78
1.083 16836.1 1090.25
1.084 16867.2 1077.68
1.085 16898.3 1065.05
1.086 16929.5 1052.37
1.087 16960.6 1039.63
1.088 16991.8 1026.85
1.089 17023.1 1014.01
1.09 17054.3 1001.12
1.091 17085.6 988.177
1.092 17116.9 975.182
1.093 17148.3 962.135
1.094 17179.7 949.034
1.095 17211.1 935.882
1.096 17242.5 922.676
1.097 17274 909.418
1.098 17305.5 896.106
1.099 17337 882.742
1.1 17368.5 869.325
1.101 17400.1 855.854
1.102 17431.7 842.33
1.103 17463.4 828.753
1.104 17495 815.123
1.105 17526.7 801.439
1.106 17558.5 787.701
1.107 17590.2 773.91
1.108 17622 760.066
1.109 17653.8 746.167
1.11 17685.6 732.215
1.111 17717.5 718.209
1.112 17749.4 704.149
1.113 17781.3 690.035
1.114 17813.3 675.866
1.115 17845.2 661.644
1.116 17877.3 647.367
1.117 17909.3 633.036
1.118 17941.4 618.651
1.119 17973.5 604.211
1.12 18005.6 589.716
1.121 18037.7 575.167
1.122 18069.9 560.563
1.123 18102.1 545.905
1.124 18134.4 531.191
1.125 18166.6 516.423
1.126 18198.9 501.599
1.127 18231.3 486.721
1.128 18263.6 471.787
1.129 18296 456.798
1.13 18328.4 441.754
1.131 18360.8 426.654
1.132 18393.3 411.499
1.133 18425.8 396.288
1.134 18458.3 381.022
1.135 18490.9 365.7
1.136 18523.5 350.323
1.137 18556.1 334.889
1.138 18588.7 319.4
1.139 18621.4 303.854
1.14 18654.1 288.253
1.141 18686.8 272.596
1.142 18719.6 256.882
1.143 18752.4 241.112
1.144 18785.2 225.285
1.145 18818 209.403
1.146 18850.9 193.463
1.147 18883.8 177.468
1.148 18916.7 161.415
1.149 18949.7 145.306
1.15 18982.6 129.14
1.151 19015.7 112.917
1.152 19048.7 96.6373
1.153 19081.8 80.3005
1.154 19114.9 63.9066
1.155 19148 47.4556
1.156 19181.2 30.9473
1.157 19214.3 14.3816
1.158 19247.6 -2.24137
