0 0 0
0.001 0.025 0.0432765
0.002 0.075 0.111454
0.003 0.15 0.204458
0.004 0.25 0.322213
0.005 0.375 0.464647
0.006 0.525 0.631684
0.007 0.7 0.82325
0.008 0.9 1.03927
0.009 1.125 1.27967
0.01 1.375 1.54438
0.011 1.65 1.83332
0.012 1.95 2.14641
0.013 2.275 2.48359
0.014 2.625 2.84478
0.015 3 3.2299
0.016 3.4 3.63888
0.017 3.825 4.07164
0.018 4.275 4.52812
0.019 4.75 5.00823
0.02 5.25 5.51191
0.021 5.775 6.03907
0.022 6.325 6.58965
0.023 6.9 7.16356
0.024 7.5 7.76074
0.025 8.125 8.38111
0.026 8.775 9.0246
0.027 9.45 9.69113
0.028 10.15 10.3806
0.029 10.875 11.093
0.03 11.625 11.8282
0.031 12.4 12.5862
0.032 13.2 13.3668
0.033 14.025 14.17
0.034 14.875 14.9957
0.035 15.75 15.8439
0.036 16.65 16.7145
0.037 17.575 17.6073
0.038 18.525 18.5224
0.039 19.5 19.4596
0.04 20.5 20.4189
0.041 21.5249 21.4002
0.042 22.5749 22.4034
0.043 23.6499 23.4285
0.044 24.7499 24.4753
0.045 25.8749 25.5439
0.046 27.0249 26.6341
0.047 28.1998 27.7458
0.048 29.3998 28.879
0.049 30.6248 30.0336
0.05 31.8747 31.2095
0.051 33.1497 32.4067
0.052 34.4496 33.6251
0.053 35.7745 34.8645
0.054 37.1244 36.125
0.055 38.4994 37.4065
0.056 39.8993 38.7088
0.057 41.3242 40.0319
0.058 42.7741 41.3758
0.059 44.2489 42.7404
0.06 45.7488 44.1255
0.061 47.2737 45.5311
0.062 48.8236 46.9572
0.063 50.3985 48.4037
0.064 51.9984 49.8704
0.065 53.6234 51.3574
0.066 55.2733 52.8645
0.067 56.9483 54.3918
0.068 58.6483 55.939
0.069 60.3733 57.5062
0.07 62.1234 59.0932
0.071 63.8984 60.7
0.072 65.6985 62.3265
0.073 67.5236 63.9727
0.074 69.3738 65.6385
0.075 71.2489 67.3237
0.076 73.1491 69.0283
0.077 75.0743 70.7523
0.078 77.0245 72.4955
0.079 78.9997 74.258
0.08 80.9999 76.0395
0.081 83.0251 77.8401
0.082 85.0754 79.6596
0.083 87.1506 81.4981
0.084 89.2509 83.3553
0.085 91.3761 85.2313
0.086 93.5264 87.1259
0.087 95.7017 89.0391
0.088 97.902 90.9709
0.089 100.127 92.921
0.09 102.378 94.8896
0.091 104.653 96.8764
0.092 106.953 98.8814
0.093 109.279 100.905
0.094 111.629 102.946
0.095 114.004 105.005
0.096 116.405 107.082
0.097 118.83 109.177
0.098 121.28 111.29
0.099 123.756 113.42
0.1 126.256 115.568
0.101 128.781 117.734
0.102 131.332 119.917
0.103 133.907 122.118
0.104 136.507 124.335
0.105 139.133 126.57
0.106 141.783 128.823
0.107 144.459 131.092
0.108 147.159 133.378
0.109 149.884 135.681
0.11 152.635 138.002
0.111 155.41 140.339
0.112 158.211 142.692
0.113 161.036 145.063
0.114 163.886 147.449
0.115 166.762 149.853
0.116 169.662 152.273
0.117 172.588 154.709
0.118 175.538 157.161
0.119 178.514 159.63
0.12 181.514 162.115
0.121 184.539 164.615
0.122 187.59 167.132
0.123 190.665 169.665
0.124 193.766 172.214
0.125 196.891 174.778
0.126 200.042 177.358
0.127 203.217 179.953
0.128 206.418 182.565
0.129 209.643 185.191
0.13 212.894 187.833
0.131 216.169 190.49
0.132 219.47 193.163
0.133 222.795 195.851
0.134 226.145 198.553
0.135 229.521 201.271
0.136 232.921 204.004
0.137 236.347 206.752
0.138 239.797 209.514
0.139 243.273 212.291
0.14 246.774 215.083
0.141 250.299 217.889
0.142 253.85 220.71
0.143 257.425 223.545
0.144 261.026 226.395
0.145 264.651 229.258
0.146 268.302 232.136
0.147 271.977 235.029
0.148 275.678 237.935
0.149 279.403 240.855
0.15 283.154 243.789
0.151 286.929 246.737
0.152 290.73 249.699
0.153 294.556 252.674
0.154 298.406 255.663
0.155 302.282 258.665
0.156 306.182 261.681
0.157 310.108 264.71
0.158 314.058 267.753
0.159 318.034 270.809
0.16 322.035 273.878
0.161 326.06 276.96
0.162 330.111 280.055
0.163 334.186 283.163
0.164 338.287 286.283
0.165 342.413 289.417
0.166 346.563 292.563
0.167 350.739 295.722
0.168 354.939 298.894
0.169 359.165 302.078
0.17 363.416 305.274
0.171 367.691 308.483
0.172 371.992 311.704
0.173 376.318 314.937
0.174 380.668 318.182
0.175 385.044 321.44
0.176 389.444 324.709
0.177 393.87 327.99
0.178 398.321 331.283
0.179 402.796 334.588
0.18 407.297 337.904
0.181 411.823 341.232
0.182 416.373 344.572
0.183 420.949 347.923
0.184 425.55 351.285
0.185 430.175 354.659
0.186 434.826 358.044
0.187 439.502 361.44
0.188 444.202 364.847
0.189 448.928 368.265
0.19 453.679 371.694
0.191 458.455 375.134
0.192 463.255 378.584
0.193 468.081 382.046
0.194 472.932 385.518
0.195 477.807 389
0.196 482.708 392.493
0.197 487.634 395.996
0.198 492.585 399.51
0.199 497.56 403.034
0.2 502.561 406.568
0.201 507.587 410.112
0.202 512.638 413.667
0.203 517.713 417.231
0.204 522.814 420.805
0.205 527.94 424.389
0.206 533.091 427.982
0.207 538.266 431.586
0.208 543.467 435.199
0.209 548.693 438.821
0.21 553.944 442.453
0.211 559.219 446.094
0.212 564.52 449.745
0.213 569.846 453.404
0.214 575.197 457.073
0.215 580.572 460.751
0.216 585.973 464.438
0.217 591.399 468.134
0.218 596.85 471.838
0.219 602.326 475.552
0.22 607.826 479.274
0.221 613.352 483.005
0.222 618.903 486.744
0.223 624.479 490.491
0.224 630.08 494.248
0.225 635.706 498.012
0.226 641.356 501.785
0.227 647.032 505.566
0.228 652.733 509.355
0.229 658.459 513.152
0.23 664.21 516.956
0.231 669.986 520.769
0.232 675.786 524.59
0.233 681.612 528.418
0.234 687.463 532.254
0.235 693.339 536.098
0.236 699.24 539.949
0.237 705.166 543.807
0.238 711.117 547.673
0.239 717.093 551.546
0.24 723.093 555.426
0.241 729.119 559.314
0.242 735.17 563.208
0.243 741.246 567.11
0.244 747.347 571.018
0.245 753.473 574.933
0.246 759.624 578.855
0.247 765.8 582.784
0.248 772.001 586.719
0.249 778.226 590.661
0.25 784.477 594.609
0.251 790.753 598.564
0.252 797.054 602.525
0.253 803.38 606.492
0.254 809.731 610.466
0.255 816.107 614.445
0.256 822.508 618.431
0.257 828.934 622.422
0.258 835.385 626.419
0.259 841.861 630.422
0.26 848.362 634.431
0.261 854.888 638.446
0.262 861.439 642.466
0.263 868.015 646.491
0.264 874.616 650.522
0.265 881.242 654.558
0.266 887.893 658.6
0.267 894.569 662.646
0.268 901.27 666.698
0.269 907.996 670.755
0.27 914.747 674.817
0.271 921.523 678.884
0.272 928.324 682.955
0.273 935.15 687.032
0.274 942.001 691.113
0.275 948.877 695.198
0.276 955.778 699.289
0.277 962.704 703.383
0.278 969.655 707.482
0.279 976.631 711.585
0.28 983.632 715.693
0.281 990.658 719.805
0.282 997.709 723.92
0.283 1004.78 728.04
0.284 1011.89 732.164
0.285 1019.01 736.291
0.286 1026.16 740.423
0.287 1033.34 744.558
0.288 1040.54 748.696
0.289 1047.77 752.839
0.29 1055.02 756.984
0.291 1062.29 761.133
0.292 1069.59 765.286
0.293 1076.92 769.442
0.294 1084.27 773.6
0.295 1091.65 777.763
0.296 1099.05 781.928
0.297 1106.47 786.096
0.298 1113.93 790.267
0.299 1121.4 794.44
0.3 1128.9 798.617
0.301 1136.43 802.796
0.302 1143.98 806.978
0.303 1151.56 811.162
0.304 1159.16 815.349
0.305 1166.78 819.538
0.306 1174.43 823.729
0.307 1182.11 827.923
0.308 1189.81 832.118
0.309 1197.54 836.316
0.31 1205.29 840.516
0.311 1213.07 844.718
0.312 1220.87 848.921
0.313 1228.69 853.127
0.314 1236.54 857.334
0.315 1244.42 861.543
0.316 1252.32 865.753
0.317 1260.25 869.964
0.318 1268.2 874.178
0.319 1276.17 878.392
0.32 1284.18 882.608
0.321 1292.2 886.825
0.322 1300.25 891.043
0.323 1308.33 895.262
0.324 1316.43 899.482
0.325 1324.56 903.703
0.326 1332.71 907.924
0.327 1340.88 912.147
0.328 1349.09 916.37
0.329 1357.31 920.593
0.33 1365.56 924.818
0.331 1373.84 929.042
0.332 1382.14 933.267
0.333 1390.47 937.492
0.334 1398.82 941.718
0.335 1407.19 945.943
0.336 1415.6 950.169
0.337 1424.02 954.395
0.338 1432.47 958.62
0.339 1440.95 962.846
0.34 1449.45 967.071
0.341 1457.98 971.296
0.342 1466.53 975.52
0.343 1475.1 979.744
0.344 1483.71 983.968
0.345 1492.33 988.191
0.346 1500.98 992.413
0.347 1509.66 996.635
0.348 1518.36 1000.86
0.349 1527.09 1005.07
0.35 1535.84 1009.29
0.351 1544.61 1013.51
0.352 1553.42 1017.73
0.353 1562.24 1021.94
0.354 1571.09 1026.16
0.355 1579.97 1030.37
0.356 1588.87 1034.58
0.357 1597.8 1038.79
0.358 1606.75 1043
0.359 1615.72 1047.21
0.36 1624.73 1051.41
0.361 1633.75 1055.61
0.362 1642.8 1059.82
0.363 1651.88 1064.02
0.364 1660.98 1068.21
0.365 1670.11 1072.41
0.366 1679.26 1076.6
0.367 1688.44 1080.79
0.368 1697.64 1084.98
0.369 1706.86 1089.17
0.37 1716.11 1093.35
0.371 1725.39 1097.53
0.372 1734.69 1101.71
0.373 1744.02 1105.89
0.374 1753.37 1110.06
0.375 1762.75 1114.23
0.376 1772.15 1118.4
0.377 1781.57 1122.56
0.378 1791.03 1126.72
0.379 1800.5 1130.88
0.38 1810 1135.03
0.381 1819.53 1139.19
0.382 1829.08 1143.33
0.383 1838.66 1147.48
0.384 1848.26 1151.62
0.385 1857.88 1155.76
0.386 1867.54 1159.89
0.387 1877.21 1164.02
0.388 1886.91 1168.15
0.389 1896.64 1172.27
0.39 1906.39 1176.39
0.391 1916.17 1180.51
0.392 1925.97 1184.62
0.393 1935.8 1188.72
0.394 1945.65 1192.82
0.395 1955.52 1196.92
0.396 1965.43 1201.02
0.397 1975.35 1205.1
0.398 1985.3 1209.19
0.399 1995.28 1213.27
0.4 2005.28 1217.34
0.401 2015.31 1221.41
0.402 2025.36 1225.48
0.403 2035.44 1229.54
0.404 2045.54 1233.6
0.405 2055.66 1237.65
0.406 2065.82 1241.69
0.407 2075.99 1245.73
0.408 2086.19 1249.77
0.409 2096.42 1253.8
0.41 2106.67 1257.82
0.411 2116.95 1261.84
0.412 2127.25 1265.85
0.413 2137.58 1269.86
0.414 2147.93 1273.86
0.415 2158.3 1277.86
0.416 2168.71 1281.85
0.417 2179.13 1285.83
0.418 2189.58 1289.81
0.419 2200.06 1293.78
0.42 2210.56 1297.75
0.421 2221.09 1301.71
0.422 2231.64 1305.66
0.423 2242.22 1309.61
0.424 2252.82 1313.55
0.425 2263.44 1317.48
0.426 2274.1 1321.41
0.427 2284.77 1325.33
0.428 2295.47 1329.24
0.429 2306.2 1333.15
0.43 2316.95 1337.05
0.431 2327.73 1340.94
0.432 2338.53 1344.82
0.433 2349.36 1348.7
0.434 2360.21 1352.57
0.435 2371.09 1356.44
0.436 2381.99 1360.3
0.437 2392.91 1364.14
0.438 2403.87 1367.99
0.439 2414.84 1371.82
0.44 2425.84 1375.65
0.441 2436.87 1379.46
0.442 2447.92 1383.28
0.443 2459 1387.08
0.444 2470.1 1390.87
0.445 2481.23 1394.66
0.446 2492.38 1398.44
0.447 2503.55 1402.21
0.448 2514.76 1405.97
0.449 2525.98 1409.73
0.45 2537.23 1413.47
0.451 2548.51 1417.21
0.452 2559.81 1420.94
0.453 2571.14 1424.66
0.454 2582.49 1428.37
0.455 2593.87 1432.07
0.456 2605.27 1435.76
0.457 2616.7 1439.45
0.458 2628.15 1443.12
0.459 2639.62 1446.79
0.46 2651.13 1450.45
0.461 2662.65 1454.1
0.462 2674.2 1457.74
0.463 2685.78 1461.36
0.464 2697.38 1464.98
0.465 2709.01 1468.6
0.466 2720.66 1472.2
0.467 2732.34 1475.79
0.468 2744.04 1479.37
0.469 2755.77 1482.94
0.47 2767.52 1486.5
0.471 2779.3 1490.05
0.472 2791.1 1493.6
0.473 2802.92 1497.13
0.474 2814.78 1500.65
0.475 2826.65 1504.16
0.476 2838.55 1507.66
0.477 2850.48 1511.15
0.478 2862.43 1514.63
0.479 2874.41 1518.1
0.48 2886.41 1521.56
0.481 2898.44 1525.01
0.482 2910.49 1528.44
0.483 2922.57 1531.87
0.484 2934.67 1535.28
0.485 2946.79 1538.69
0.486 2958.95 1542.08
0.487 2971.12 1545.46
0.488 2983.33 1548.83
0.489 2995.55 1552.19
0.49 3007.8 1555.54
0.491 3020.08 1558.88
0.492 3032.38 1562.2
0.493 3044.71 1565.52
0.494 3057.06 1568.82
0.495 3069.44 1572.11
0.496 3081.84 1575.39
0.497 3094.27 1578.65
0.498 3106.72 1581.91
0.499 3119.2 1585.15
0.5 3131.7 1588.38
0.501 3144.22 1591.6
0.502 3156.78 1594.8
0.503 3169.35 1598
0.504 3181.95 1601.18
0.505 3194.58 1604.35
0.506 3207.23 1607.5
0.507 3219.91 1610.65
0.508 3232.61 1613.78
0.509 3245.34 1616.89
0.51 3258.09 1620
0.511 3270.87 1623.09
0.512 3283.67 1626.17
0.513 3296.5 1629.23
0.514 3309.35 1632.29
0.515 3322.22 1635.33
0.516 3335.13 1638.35
0.517 3348.05 1641.36
0.518 3361.01 1644.36
0.519 3373.98 1647.35
0.52 3386.98 1650.32
0.521 3400.01 1653.28
0.522 3413.06 1656.22
0.523 3426.14 1659.15
0.524 3439.24 1662.07
0.525 3452.37 1664.97
0.526 3465.52 1667.86
0.527 3478.7 1670.74
0.528 3491.9 1673.6
0.529 3505.13 1676.44
0.53 3518.38 1679.27
0.531 3531.66 1682.09
0.532 3544.96 1684.89
0.533 3558.28 1687.68
0.534 3571.64 1690.45
0.535 3585.01 1693.21
0.536 3598.42 1695.96
0.537 3611.84 1698.69
0.538 3625.29 1701.4
0.539 3638.77 1704.1
0.54 3652.27 1706.78
0.541 3665.8 1709.45
0.542 3679.35 1712.1
0.543 3692.93 1714.74
0.544 3706.53 1717.37
0.545 3720.16 1719.97
0.546 3733.81 1722.56
0.547 3747.49 1725.14
0.548 3761.19 1727.7
0.549 3774.92 1730.25
0.55 3788.67 1732.77
0.551 3802.45 1735.29
0.552 3816.25 1737.78
0.553 3830.07 1740.26
0.554 3843.93 1742.73
0.555 3857.8 1745.18
0.556 3871.71 1747.61
0.557 3885.63 1750.02
0.558 3899.58 1752.42
0.559 3913.56 1754.81
0.56 3927.56 1757.17
0.561 3941.59 1759.52
0.562 3955.64 1761.85
0.563 3969.72 1764.17
0.564 3983.82 1766.47
0.565 3997.95 1768.75
0.566 4012.1 1771.02
0.567 4026.28 1773.26
0.568 4040.48 1775.49
0.569 4054.71 1777.71
0.57 4068.96 1779.9
0.571 4083.24 1782.08
0.572 4097.54 1784.24
0.573 4111.87 1786.39
0.574 4126.22 1788.51
0.575 4140.6 1790.62
0.576 4155 1792.71
0.577 4169.42 1794.79
0.578 4183.88 1796.84
0.579 4198.35 1798.88
0.58 4212.86 1800.9
0.581 4227.38 1802.9
0.582 4241.93 1804.88
0.583 4256.51 1806.84
0.584 4271.11 1808.79
0.585 4285.74 1810.71
0.586 4300.39 1812.62
0.587 4315.07 1814.51
0.588 4329.77 1816.38
0.589 4344.5 1818.24
0.59 4359.25 1820.07
0.591 4374.03 1821.89
0.592 4388.83 1823.68
0.593 4403.66 1825.46
0.594 4418.51 1827.22
0.595 4433.39 1828.95
0.596 4448.29 1830.67
0.597 4463.22 1832.37
0.598 4478.17 1834.05
0.599 4493.15 1835.71
0.6 4508.15 1837.36
0.601 4523.18 1838.98
0.602 4538.23 1840.58
0.603 4553.31 1842.16
0.604 4568.41 1843.72
0.605 4583.54 1845.27
0.606 4598.69 1846.79
0.607 4613.86 1848.29
0.608 4629.07 1849.77
0.609 4644.29 1851.23
0.61 4659.55 1852.68
0.611 4674.82 1854.1
0.612 4690.13 1855.5
0.613 4705.45 1856.88
0.614 4720.81 1858.24
0.615 4736.18 1859.58
0.616 4751.58 1860.9
0.617 4767.01 1862.19
0.618 4782.46 1863.47
0.619 4797.94 1864.72
0.62 4813.44 1865.96
0.621 4828.97 1867.17
0.622 4844.52 1868.36
0.623 4860.1 1869.53
0.624 4875.7 1870.68
0.625 4891.33 1871.81
0.626 4906.98 1872.92
0.627 4922.66 1874
0.628 4938.36 1875.07
0.629 4954.09 1876.11
0.63 4969.84 1877.13
0.631 4985.62 1878.13
0.632 5001.42 1879.1
0.633 5017.25 1880.06
0.634 5033.1 1880.99
0.635 5048.98 1881.9
0.636 5064.88 1882.78
0.637 5080.81 1883.65
0.638 5096.76 1884.49
0.639 5112.74 1885.31
0.64 5128.74 1886.11
0.641 5144.77 1886.88
0.642 5160.82 1887.64
0.643 5176.9 1888.37
0.644 5193 1889.07
0.645 5209.13 1889.76
0.646 5225.28 1890.42
0.647 5241.46 1891.06
0.648 5257.66 1891.67
0.649 5273.89 1892.26
0.65 5290.14 1892.83
0.651 5306.42 1893.37
0.652 5322.72 1893.9
0.653 5339.05 1894.39
0.654 5355.4 1894.87
0.655 5371.78 1895.32
0.656 5388.18 1895.74
0.657 5404.61 1896.15
0.658 5421.06 1896.53
0.659 5437.54 1896.88
0.66 5454.04 1897.21
0.661 5470.57 1897.52
0.662 5487.12 1897.8
0.663 5503.7 1898.06
0.664 5520.3 1898.3
0.665 5536.92 1898.51
0.666 5553.58 1898.69
0.667 5570.25 1898.85
0.668 5586.96 1898.99
0.669 5603.68 1899.1
0.67 5620.44 1899.19
0.671 5637.21 1899.25
0.672 5654.02 1899.29
0.673 5670.84 1899.3
0.674 5687.7 1899.28
0.675 5704.57 1899.25
0.676 5721.48 1899.18
0.677 5738.4 1899.09
0.678 5755.36 1898.98
0.679 5772.33 1898.84
0.68 5789.34 1898.67
0.681 5806.36 1898.48
0.682 5823.42 1898.27
0.683 5840.49 1898.03
0.684 5857.6 1897.76
0.685 5874.72 1897.46
0.686 5891.88 1897.14
0.687 5909.05 1896.8
0.688 5926.26 1896.43
0.689 5943.48 1896.03
0.69 5960.74 1895.6
0.691 5978.01 1895.15
0.692 5995.32 1894.68
0.693 6012.64 1894.17
0.694 6030 1893.64
0.695 6047.37 1893.09
0.696 6064.78 1892.5
0.697 6082.21 1891.89
0.698 6099.66 1891.25
0.699 6117.14 1890.59
0.7 6134.64 1889.9
0.701 6152.17 1889.18
0.702 6169.72 1888.44
0.703 6187.3 1887.66
0.704 6204.9 1886.86
0.705 6222.53 1886.04
0.706 6240.18 1885.18
0.707 6257.86 1884.3
0.708 6275.56 1883.39
0.709 6293.29 1882.45
0.71 6311.04 1881.49
0.711 6328.82 1880.49
0.712 6346.62 1879.47
0.713 6364.45 1878.42
0.714 6382.3 1877.35
0.715 6400.18 1876.24
0.716 6418.08 1875.11
0.717 6436.01 1873.95
0.718 6453.96 1872.76
0.719 6471.94 1871.54
0.72 6489.94 1870.29
0.721 6507.97 1869.02
0.722 6526.02 1867.71
0.723 6544.1 1866.38
0.724 6562.2 1865.02
0.725 6580.33 1863.63
0.726 6598.48 1862.21
0.727 6616.66 1860.76
0.728 6634.86 1859.28
0.729 6653.09 1857.78
0.73 6671.34 1856.24
0.731 6689.62 1854.67
0.732 6707.92 1853.08
0.733 6726.25 1851.46
0.734 6744.6 1849.8
0.735 6762.98 1848.12
0.736 6781.38 1846.41
0.737 6799.81 1844.66
0.738 6818.26 1842.89
0.739 6836.74 1841.09
0.74 6855.24 1839.26
0.741 6873.77 1837.39
0.742 6892.32 1835.5
0.743 6910.9 1833.58
0.744 6929.5 1831.63
0.745 6948.13 1829.64
0.746 6966.78 1827.63
0.747 6985.46 1825.59
0.748 7004.17 1823.51
0.749 7022.89 1821.41
0.75 7041.65 1819.27
0.751 7060.42 1817.1
0.752 7079.23 1814.9
0.753 7098.05 1812.68
0.754 7116.91 1810.42
0.755 7135.78 1808.12
0.756 7154.69 1805.8
0.757 7173.62 1803.45
0.758 7192.57 1801.06
0.759 7211.55 1798.65
0.76 7230.55 1796.2
0.761 7249.58 1793.72
0.762 7268.63 1791.21
0.763 7287.71 1788.67
0.764 7306.81 1786.09
0.765 7325.94 1783.49
0.766 7345.09 1780.85
0.767 7364.27 1778.18
0.768 7383.47 1775.48
0.769 7402.7 1772.74
0.77 7421.95 1769.98
0.771 7441.23 1767.18
0.772 7460.53 1764.35
0.773 7479.86 1761.49
0.774 7499.21 1758.59
0.775 7518.59 1755.66
0.776 7537.99 1752.7
0.777 7557.42 1749.71
0.778 7576.87 1746.68
0.779 7596.35 1743.62
0.78 7615.86 1740.53
0.781 7635.38 1737.4
0.782 7654.94 1734.24
0.783 7674.51 1731.05
0.784 7694.12 1727.83
0.785 7713.74 1724.57
0.786 7733.4 1721.28
0.787 7753.08 1717.95
0.788 7772.78 1714.59
0.789 7792.51 1711.2
0.79 7812.26 1707.77
0.791 7832.04 1704.31
0.792 7851.84 1700.82
0.793 7871.67 1697.29
0.794 7891.52 1693.73
0.795 7911.4 1690.13
0.796 7931.3 1686.5
0.797 7951.23 1682.84
0.798 7971.18 1679.14
0.799 7991.16 1675.41
0.8 8011.16 1671.64
0.801 8031.19 1667.84
0.802 8051.24 1664
0.803 8071.32 1660.13
0.804 8091.42 1656.23
0.805 8111.55 1652.29
0.806 8131.71 1648.31
0.807 8151.88 1644.3
0.808 8172.09 1640.26
0.809 8192.31 1636.17
0.81 8212.57 1632.06
0.811 8232.85 1627.91
0.812 8253.15 1623.72
0.813 8273.48 1619.5
0.814 8293.83 1615.24
0.815 8314.21 1610.95
0.816 8334.61 1606.62
0.817 8355.04 1602.26
0.818 8375.49 1597.86
0.819 8395.97 1593.42
0.82 8416.47 1588.95
0.821 8437 1584.44
0.822 8457.55 1579.9
0.823 8478.13 1575.32
0.824 8498.73 1570.7
0.825 8519.36 1566.05
0.826 8540.02 1561.36
0.827 8560.69 1556.64
0.828 8581.4 1551.87
0.829 8602.12 1547.08
0.83 8622.88 1542.24
0.831 8643.66 1537.37
0.832 8664.46 1532.46
0.833 8685.29 1527.51
0.834 8706.14 1522.53
0.835 8727.02 1517.51
0.836 8747.92 1512.46
0.837 8768.85 1507.36
0.838 8789.8 1502.23
0.839 8810.78 1497.06
0.84 8831.78 1491.86
0.841 8852.81 1486.61
0.842 8873.86 1481.33
0.843 8894.94 1476.01
0.844 8916.05 1470.66
0.845 8937.17 1465.26
0.846 8958.33 1459.83
0.847 8979.51 1454.36
0.848 9000.71 1448.85
0.849 9021.94 1443.31
0.85 9043.19 1437.72
0.851 9064.47 1432.1
0.852 9085.77 1426.44
0.853 9107.1 1420.74
0.854 9128.45 1415
0.855 9149.83 1409.23
0.856 9171.23 1403.41
0.857 9192.66 1397.56
0.858 9214.11 1391.67
0.859 9235.59 1385.73
0.86 9257.1 1379.77
0.861 9278.62 1373.76
0.862 9300.18 1367.71
0.863 9321.76 1361.62
0.864 9343.36 1355.49
0.865 9364.99 1349.33
0.866 9386.64 1343.12
0.867 9408.32 1336.88
0.868 9430.02 1330.6
0.869 9451.75 1324.27
0.87 9473.5 1317.91
0.871 9495.28 1311.51
0.872 9517.08 1305.06
0.873 9538.91 1298.58
0.874 9560.77 1292.06
0.875 9582.64 1285.5
0.876 9604.55 1278.89
0.877 9626.48 1272.25
0.878 9648.43 1265.57
0.879 9670.41 1258.85
0.88 9692.41 1252.08
0.881 9714.44 1245.28
0.882 9736.49 1238.43
0.883 9758.57 1231.55
0.884 9780.67 1224.62
0.885 9802.8 1217.66
0.886 9824.95 1210.65
0.887 9847.13 1203.6
0.888 9869.34 1196.51
0.889 9891.56 1189.38
0.89 9913.82 1182.21
0.891 9936.1 1175
0.892 9958.4 1167.74
0.893 9980.73 1160.45
0.894 10003.1 1153.11
0.895 10025.5 1145.73
0.896 10047.9 1138.31
0.897 10070.3 1130.85
0.898 10092.7 1123.35
0.899 10115.2 1115.8
0.9 10137.7 1108.21
0.901 10160.3 1100.58
0.902 10182.8 1092.91
0.903 10205.4 1085.2
0.904 10228 1077.44
0.905 10250.6 1069.65
0.906 10273.3 1061.81
0.907 10295.9 1053.92
0.908 10318.7 1046
0.909 10341.4 1038.03
0.91 10364.1 1030.02
0.911 10386.9 1021.97
0.912 10409.7 1013.87
0.913 10432.5 1005.74
0.914 10455.4 997.555
0.915 10478.3 989.331
0.916 10501.2 981.064
0.917 10524.1 972.753
0.918 10547.1 964.4
0.919 10570 956.003
0.92 10593 947.563
0.921 10616.1 939.079
0.922 10639.1 930.552
0.923 10662.2 921.981
0.924 10685.3 913.366
0.925 10708.4 904.708
0.926 10731.6 896.006
0.927 10754.8 887.26
0.928 10778 878.47
0.929 10801.2 869.636
0.93 10824.5 860.758
0.931 10847.7 851.836
0.932 10871 842.869
0.933 10894.4 833.859
0.934 10917.7 824.803
0.935 10941.1 815.704
0.936 10964.5 806.559
0.937 10987.9 797.37
0.938 11011.4 788.137
0.939 11034.9 778.858
0.94 11058.4 769.535
0.941 11081.9 760.167
0.942 11105.4 750.754
0.943 11129 741.296
0.944 11152.6 731.792
0.945 11176.3 722.243
0.946 11199.9 712.65
0.947 11223.6 703.01
0.948 11247.3 693.325
0.949 11271 683.595
0.95 11294.8 673.819
0.951 11318.5 663.998
0.952 11342.4 654.13
0.953 11366.2 644.217
0.954 11390 634.258
0.955 11413.9 624.253
0.956 11437.8 614.202
0.957 11461.7 604.105
0.958 11485.7 593.962
0.959 11509.7 583.772
0.96 11533.7 573.536
0.961 11557.7 563.254
0.962 11581.8 552.925
0.963 11605.8 542.55
0.964 11629.9 532.127
0.965 11654.1 521.659
0.966 11678.2 511.143
0.967 11702.4 500.581
0.968 11726.6 489.971
0.969 11750.8 479.315
0.97 11775.1 468.611
0.971 11799.4 457.861
0.972 11823.7 447.063
0.973 11848 436.218
0.974 11872.4 425.325
0.975 11896.7 414.385
0.976 11921.1 403.398
0.977 11945.6 392.362
0.978 11970 381.28
0.979 11994.5 370.149
0.98 12019 358.971
0.981 12043.5 347.744
0.982 12068.1 336.47
0.983 12092.7 325.148
0.984 12117.3 313.777
0.985 12141.9 302.359
0.986 12166.5 290.892
0.987 12191.2 279.376
0.988 12215.9 267.813
0.989 12240.7 256.2
0.99 12265.4 244.54
0.991 12290.2 232.83
0.992 12315 221.072
0.993 12339.8 209.265
0.994 12364.7 197.409
0.995 12389.6 185.504
0.996 12414.5 173.551
0.997 12439.4 161.548
0.998 12464.3 149.496
0.999 12489.3 137.394
1 12514.3 125.244
1.001 12539.4 113.044
1.002 12564.4 100.794
1.003 12589.5 88.4951
1.004 12614.6 76.1465
1.005 12639.7 63.7482
1.006 12664.9 51.3001
1.007 12690 38.8022
1.008 12715.3 26.2544
1.009 12740.5 13.6565
1.01 12765.7 1.00866
1.011 12791 -11.6894
