0 0 0
0.001 0.0211309 0.0452906
0.002 0.0633927 0.111613
0.003 0.126785 0.198893
0.004 0.211309 0.307055
0.005 0.316964 0.436027
0.006 0.443749 0.585732
0.007 0.591666 0.756098
0.008 0.760713 0.947049
0.009 0.950891 1.15851
0.01 1.1622 1.39041
0.011 1.39464 1.64267
0.012 1.64821 1.91522
0.013 1.92291 2.20798
0.014 2.21875 2.52089
0.015 2.53571 2.85385
0.016 2.8738 3.20681
0.017 3.23303 3.57969
0.018 3.61339 3.9724
0.019 4.01487 4.38489
0.02 4.43749 4.81706
0.021 4.88124 5.26886
0.022 5.34612 5.7402
0.023 5.83213 6.23101
0.024 6.33927 6.74121
0.025 6.86755 7.27074
0.026 7.41695 7.81951
0.027 7.98748 8.38746
0.028 8.57915 8.9745
0.029 9.19194 9.58057
0.03 9.82587 10.2056
0.031 10.4809 10.8495
0.032 11.1571 11.5122
0.033 11.8544 12.1936
0.034 12.5729 12.8937
0.035 13.3125 13.6123
0.036 14.0732 14.3495
0.037 14.855 15.105
0.038 15.658 15.879
0.039 16.4821 16.6712
0.04 17.3273 17.4816
0.041 18.1937 18.3101
0.042 19.0812 19.1567
0.043 19.9898 20.0213
0.044 20.9195 20.9038
0.045 21.8704 21.8041
0.046 22.8424 22.7222
0.047 23.8355 23.658
0.048 24.8498 24.6114
0.049 25.8852 25.5823
0.05 26.9417 26.5706
0.051 28.0193 27.5764
0.052 29.118 28.5994
0.053 30.2379 29.6397
0.054 31.3789 30.6972
0.055 32.541 31.7717
0.056 33.7242 32.8632
0.057 34.9286 33.9717
0.058 36.154 35.097
0.059 37.4006 36.2392
0.06 38.6683 37.398
0.061 39.9571 38.5735
0.062 41.2671 39.7655
0.063 42.5982 40.9741
0.064 43.9504 42.1991
0.065 45.3238 43.4405
0.066 46.7184 44.6981
0.067 48.1341 45.972
0.068 49.571 47.262
0.069 51.029 48.5681
0.07 52.5082 49.8901
0.071 54.0086 51.2282
0.072 55.5301 52.582
0.073 57.0728 53.9517
0.074 58.6367 55.337
0.075 60.2216 56.7379
0.076 61.8278 58.1544
0.077 63.4551 59.5864
0.078 65.1035 61.0338
0.079 66.7731 62.4965
0.08 68.4638 63.9744
0.081 70.1757 65.4675
0.082 71.9087 66.9757
0.083 73.6629 68.4989
0.084 75.4382 70.0371
0.085 77.2346 71.5901
0.086 79.0522 73.1579
0.087 80.8909 74.7404
0.088 82.7507 76.3376
0.089 84.6317 77.9494
0.09 86.5338 79.5756
0.091 88.4571 81.2162
0.092 90.4015 82.8712
0.093 92.367 84.5405
0.094 94.3536 86.224
0.095 96.3614 87.9216
0.096 98.3904 89.6332
0.097 100.44 91.3588
0.098 102.512 93.0983
0.099 104.604 94.8516
0.1 106.717 96.6187
0.101 108.852 98.3994
0.102 111.008 100.194
0.103 113.185 102.002
0.104 115.383 103.823
0.105 117.602 105.658
0.106 119.842 107.506
0.107 122.104 109.367
0.108 124.386 111.241
0.109 126.69 113.129
0.11 129.015 115.029
0.111 131.361 116.943
0.112 133.728 118.869
0.113 136.116 120.808
0.114 138.525 122.76
0.115 140.956 124.724
0.116 143.408 126.701
0.117 145.88 128.69
0.118 148.374 130.692
0.119 150.889 132.706
0.12 153.425 134.733
0.121 155.983 136.771
0.122 158.561 138.822
0.123 161.161 140.885
0.124 163.782 142.959
0.125 166.423 145.046
0.126 169.086 147.144
0.127 171.771 149.254
0.128 174.476 151.376
0.129 177.202 153.51
0.13 179.95 155.655
0.131 182.718 157.811
0.132 185.508 159.979
0.133 188.319 162.158
0.134 191.151 164.348
0.135 194.004 166.549
0.136 196.879 168.762
0.137 199.774 170.985
0.138 202.691 173.22
0.139 205.629 175.465
0.14 208.587 177.721
0.141 211.567 179.988
0.142 214.569 182.265
0.143 217.591 184.553
0.144 220.634 186.851
0.145 223.699 189.16
0.146 226.785 191.479
0.147 229.891 193.808
0.148 233.019 196.148
0.149 236.168 198.497
0.15 239.339 200.857
0.151 242.53 203.226
0.152 245.743 205.606
0.153 248.976 207.995
0.154 252.231 210.394
0.155 255.507 212.803
0.156 258.804 215.221
0.157 262.122 217.649
0.158 265.461 220.086
0.159 268.822 222.533
0.16 272.203 224.988
0.161 275.606 227.453
0.162 279.03 229.928
0.163 282.475 232.411
0.164 285.941 234.903
0.165 289.428 237.404
0.166 292.937 239.914
0.167 296.466 242.433
0.168 300.017 244.96
0.169 303.589 247.496
0.17 307.182 250.041
0.171 310.796 252.594
0.172 314.431 255.156
0.173 318.087 257.725
0.174 321.765 260.303
0.175 325.463 262.889
0.176 329.183 265.484
0.177 332.924 268.086
0.178 336.686 270.696
0.179 340.469 273.314
0.18 344.273 275.94
0.181 348.099 278.574
0.182 351.945 281.215
0.183 355.813 283.864
0.184 359.702 286.52
0.185 363.612 289.184
0.186 367.543 291.855
0.187 371.495 294.534
0.188 375.468 297.219
0.189 379.463 299.912
0.19 383.478 302.612
0.191 387.515 305.319
0.192 391.573 308.032
0.193 395.652 310.753
0.194 399.752 313.48
0.195 403.874 316.214
0.196 408.016 318.955
0.197 412.18 321.702
0.198 416.364 324.455
0.199 420.57 327.215
0.2 424.797 329.982
0.201 429.045 332.754
0.202 433.315 335.533
0.203 437.605 338.318
0.204 441.916 341.108
0.205 446.249 343.905
0.206 450.603 346.708
0.207 454.978 349.516
0.208 459.374 352.33
0.209 463.791 355.15
0.21 468.229 357.975
0.211 472.689 360.806
0.212 477.169 363.642
0.213 481.671 366.483
0.214 486.194 369.33
0.215 490.738 372.182
0.216 495.303 375.039
0.217 499.889 377.901
0.218 504.497 380.769
0.219 509.125 383.641
0.22 513.775 386.517
0.221 518.446 389.399
0.222 523.138 392.285
0.223 527.851 395.176
0.224 532.585 398.072
0.225 537.34 400.971
0.226 542.117 403.876
0.227 546.914 406.784
0.228 551.733 409.697
0.229 556.573 412.614
0.23 561.434 415.535
0.231 566.316 418.46
0.232 571.22 421.389
0.233 576.144 424.321
0.234 581.09 427.258
0.235 586.056 430.198
0.236 591.044 433.142
0.237 596.053 436.09
0.238 601.083 439.041
0.239 606.134 441.995
0.24 611.207 444.953
0.241 616.3 447.914
0.242 621.415 450.878
0.243 626.551 453.845
0.244 631.708 456.815
0.245 636.886 459.788
0.246 642.085 462.765
0.247 647.305 465.744
0.248 652.547 468.725
0.249 657.809 471.71
0.25 663.093 474.697
0.251 668.398 477.686
0.252 673.724 480.678
0.253 679.071 483.672
0.254 684.439 486.669
0.255 689.828 489.668
0.256 695.239 492.669
0.257 700.671 495.672
0.258 706.123 498.677
0.259 711.597 501.684
0.26 717.092 504.692
0.261 722.609 507.703
0.262 728.146 510.715
0.263 733.704 513.729
0.264 739.284 516.744
0.265 744.885 519.761
0.266 750.507 522.78
0.267 756.15 525.799
0.268 761.814 528.82
0.269 767.499 531.842
0.27 773.205 534.865
0.271 778.933 537.89
0.272 784.682 540.915
0.273 790.452 543.941
0.274 796.242 546.968
0.275 802.055 549.995
0.276 807.888 553.024
0.277 813.742 556.052
0.278 819.618 559.082
0.279 825.514 562.111
0.28 831.432 565.142
0.281 837.371 568.172
0.282 843.331 571.203
0.283 849.312 574.233
0.284 855.314 577.264
0.285 861.338 580.295
0.286 867.382 583.326
0.287 873.448 586.356
0.288 879.535 589.387
0.289 885.643 592.417
0.29 891.772 595.446
0.291 897.922 598.476
0.292 904.094 601.504
0.293 910.286 604.532
0.294 916.5 607.56
0.295 922.735 610.586
0.296 928.991 613.612
0.297 935.268 616.637
0.298 941.566 619.661
0.299 947.885 622.684
0.3 954.226 625.706
0.301 960.587 628.726
0.302 966.97 631.745
0.303 973.374 634.763
0.304 979.799 637.78
0.305 986.245 640.795
0.306 992.712 643.808
0.307 999.201 646.82
0.308 1005.71 649.83
0.309 1012.24 652.838
0.31 1018.79 655.844
0.311 1025.37 658.849
0.312 1031.96 661.851
0.313 1038.57 664.852
0.314 1045.21 667.85
0.315 1051.87 670.846
0.316 1058.55 673.839
0.317 1065.25 676.83
0.318 1071.97 679.819
0.319 1078.71 682.805
0.32 1085.47 685.789
0.321 1092.26 688.77
0.322 1099.06 691.748
0.323 1105.89 694.723
0.324 1112.74 697.696
0.325 1119.61 700.665
0.326 1126.5 703.631
0.327 1133.41 706.595
0.328 1140.34 709.555
0.329 1147.29 712.511
0.33 1154.27 715.465
0.331 1161.26 718.415
0.332 1168.28 721.361
0.333 1175.32 724.304
0.334 1182.38 727.243
0.335 1189.46 730.178
0.336 1196.56 733.11
0.337 1203.68 736.038
0.338 1210.82 738.962
0.339 1217.99 741.882
0.34 1225.17 744.797
0.341 1232.38 747.709
0.342 1239.61 750.616
0.343 1246.86 753.519
0.344 1254.13 756.417
0.345 1261.42 759.311
0.346 1268.73 762.201
0.347 1276.07 765.086
0.348 1283.42 767.966
0.349 1290.8 770.842
0.35 1298.2 773.712
0.351 1305.61 776.578
0.352 1313.05 779.438
0.353 1320.51 782.294
0.354 1328 785.144
0.355 1335.5 787.99
0.356 1343.02 790.83
0.357 1350.57 793.664
0.358 1358.13 796.493
0.359 1365.72 799.317
0.36 1373.33 802.135
0.361 1380.96 804.947
0.362 1388.61 807.754
0.363 1396.28 810.555
0.364 1403.98 813.35
0.365 1411.69 816.139
0.366 1419.43 818.922
0.367 1427.18 821.699
0.368 1434.96 824.469
0.369 1442.76 827.234
0.37 1450.58 829.992
0.371 1458.42 832.743
0.372 1466.28 835.489
0.373 1474.16 838.227
0.374 1482.07 840.959
0.375 1489.99 843.684
0.376 1497.94 846.403
0.377 1505.91 849.115
0.378 1513.9 851.819
0.379 1521.91 854.517
0.38 1529.94 857.208
0.381 1537.99 859.891
0.382 1546.07 862.567
0.383 1554.16 865.236
0.384 1562.28 867.898
0.385 1570.41 870.552
0.386 1578.57 873.199
0.387 1586.75 875.838
0.388 1594.95 878.469
0.389 1603.17 881.093
0.39 1611.41 883.709
0.391 1619.68 886.317
0.392 1627.96 888.916
0.393 1636.27 891.508
0.394 1644.6 894.092
0.395 1652.94 896.668
0.396 1661.31 899.235
0.397 1669.7 901.794
0.398 1678.12 904.345
0.399 1686.55 906.887
0.4 1695 909.42
0.401 1703.48 911.945
0.402 1711.97 914.461
0.403 1720.49 916.969
0.404 1729.03 919.467
0.405 1737.59 921.957
0.406 1746.17 924.437
0.407 1754.77 926.909
0.408 1763.4 929.371
0.409 1772.04 931.824
0.41 1780.7 934.268
0.411 1789.39 936.702
0.412 1798.1 939.127
0.413 1806.83 941.543
0.414 1815.58 943.948
0.415 1824.35 946.345
0.416 1833.14 948.731
0.417 1841.95 951.107
0.418 1850.79 953.474
0.419 1859.64 955.831
0.42 1868.52 958.177
0.421 1877.42 960.514
0.422 1886.34 962.84
0.423 1895.28 965.156
0.424 1904.24 967.462
0.425 1913.22 969.757
0.426 1922.22 972.042
0.427 1931.25 974.316
0.428 1940.29 976.58
0.429 1949.36 978.832
0.43 1958.45 981.074
0.431 1967.56 983.306
0.432 1976.69 985.526
0.433 1985.84 987.735
0.434 1995.01 989.933
0.435 2004.21 992.12
0.436 2013.42 994.296
0.437 2022.66 996.46
0.438 2031.91 998.613
0.439 2041.19 1000.75
0.44 2050.49 1002.88
0.441 2059.81 1005
0.442 2069.15 1007.11
0.443 2078.52 1009.2
0.444 2087.9 1011.29
0.445 2097.31 1013.36
0.446 2106.73 1015.42
0.447 2116.18 1017.47
0.448 2125.65 1019.5
0.449 2135.14 1021.52
0.45 2144.65 1023.53
0.451 2154.18 1025.53
0.452 2163.73 1027.52
0.453 2173.31 1029.49
0.454 2182.9 1031.45
0.455 2192.52 1033.4
0.456 2202.16 1035.33
0.457 2211.81 1037.26
0.458 2221.49 1039.17
0.459 2231.19 1041.06
0.46 2240.92 1042.95
0.461 2250.66 1044.82
0.462 2260.42 1046.67
0.463 2270.21 1048.52
0.464 2280.02 1050.35
0.465 2289.84 1052.17
0.466 2299.69 1053.97
0.467 2309.56 1055.76
0.468 2319.45 1057.54
0.469 2329.37 1059.3
0.47 2339.3 1061.05
0.471 2349.25 1062.79
0.472 2359.23 1064.51
0.473 2369.23 1066.21
0.474 2379.24 1067.91
0.475 2389.28 1069.59
0.476 2399.34 1071.25
0.477 2409.42 1072.9
0.478 2419.53 1074.54
0.479 2429.65 1076.16
0.48 2439.8 1077.77
0.481 2449.96 1079.36
0.482 2460.15 1080.94
0.483 2470.36 1082.5
0.484 2480.59 1084.05
0.485 2490.84 1085.59
0.486 2501.11 1087.1
0.487 2511.4 1088.61
0.488 2521.71 1090.1
0.489 2532.05 1091.57
0.49 2542.41 1093.03
0.491 2552.78 1094.47
0.492 2563.18 1095.9
0.493 2573.6 1097.31
0.494 2584.04 1098.71
0.495 2594.5 1100.09
0.496 2604.99 1101.45
0.497 2615.49 1102.8
0.498 2626.01 1104.14
0.499 2636.56 1105.45
0.5 2647.13 1106.76
0.501 2657.72 1108.04
0.502 2668.33 1109.31
0.503 2678.96 1110.56
0.504 2689.61 1111.8
0.505 2700.28 1113.02
0.506 2710.98 1114.22
0.507 2721.69 1115.41
0.508 2732.43 1116.58
0.509 2743.19 1117.74
0.51 2753.97 1118.88
0.511 2764.77 1120
0.512 2775.59 1121.1
0.513 2786.43 1122.19
0.514 2797.29 1123.26
0.515 2808.18 1124.31
0.516 2819.08 1125.34
0.517 2830.01 1126.36
0.518 2840.96 1127.36
0.519 2851.93 1128.35
0.52 2862.92 1129.31
0.521 2873.93 1130.26
0.522 2884.96 1131.19
0.523 2896.01 1132.1
0.524 2907.09 1133
0.525 2918.18 1133.88
0.526 2929.3 1134.74
0.527 2940.44 1135.58
0.528 2951.6 1136.4
0.529 2962.78 1137.21
0.53 2973.98 1137.99
0.531 2985.2 1138.76
0.532 2996.45 1139.51
0.533 3007.71 1140.24
0.534 3019 1140.96
0.535 3030.3 1141.65
0.536 3041.63 1142.33
0.537 3052.98 1142.99
0.538 3064.35 1143.62
0.539 3075.74 1144.24
0.54 3087.16 1144.84
0.541 3098.59 1145.43
0.542 3110.05 1145.99
0.543 3121.52 1146.53
0.544 3133.02 1147.06
0.545 3144.54 1147.56
0.546 3156.08 1148.05
0.547 3167.64 1148.51
0.548 3179.22 1148.96
0.549 3190.82 1149.38
0.55 3202.45 1149.79
0.551 3214.09 1150.18
0.552 3225.76 1150.54
0.553 3237.45 1150.89
0.554 3249.16 1151.22
0.555 3260.89 1151.53
0.556 3272.64 1151.81
0.557 3284.41 1152.08
0.558 3296.2 1152.33
0.559 3308.02 1152.55
0.56 3319.85 1152.76
0.561 3331.71 1152.94
0.562 3343.59 1153.11
0.563 3355.48 1153.25
0.564 3367.4 1153.37
0.565 3379.35 1153.47
0.566 3391.31 1153.56
0.567 3403.29 1153.62
0.568 3415.3 1153.65
0.569 3427.32 1153.67
0.57 3439.37 1153.67
0.571 3451.44 1153.65
0.572 3463.53 1153.6
0.573 3475.64 1153.53
0.574 3487.77 1153.44
0.575 3499.92 1153.33
0.576 3512.09 1153.2
0.577 3524.29 1153.05
0.578 3536.51 1152.87
0.579 3548.74 1152.67
0.58 3561 1152.45
0.581 3573.28 1152.21
0.582 3585.58 1151.95
0.583 3597.9 1151.66
0.584 3610.24 1151.36
0.585 3622.61 1151.03
0.586 3634.99 1150.67
0.587 3647.4 1150.3
0.588 3659.83 1149.9
0.589 3672.28 1149.48
0.59 3684.75 1149.04
0.591 3697.24 1148.57
0.592 3709.75 1148.08
0.593 3722.28 1147.57
0.594 3734.83 1147.04
0.595 3747.41 1146.48
0.596 3760.01 1145.9
0.597 3772.62 1145.29
0.598 3785.26 1144.67
0.599 3797.92 1144.02
0.6 3810.6 1143.34
0.601 3823.31 1142.64
0.602 3836.03 1141.92
0.603 3848.77 1141.18
0.604 3861.54 1140.41
0.605 3874.32 1139.62
0.606 3887.13 1138.8
0.607 3899.96 1137.96
0.608 3912.81 1137.1
0.609 3925.68 1136.21
0.61 3938.57 1135.3
0.611 3951.49 1134.36
0.612 3964.42 1133.4
0.613 3977.38 1132.41
0.614 3990.36 1131.4
0.615 4003.35 1130.37
0.616 4016.37 1129.31
0.617 4029.41 1128.23
0.618 4042.47 1127.12
0.619 4055.56 1125.98
0.62 4068.66 1124.82
0.621 4081.78 1123.64
0.622 4094.93 1122.43
0.623 4108.1 1121.2
0.624 4121.29 1119.94
0.625 4134.5 1118.66
0.626 4147.73 1117.35
0.627 4160.98 1116.01
0.628 4174.25 1114.65
0.629 4187.54 1113.26
0.63 4200.86 1111.85
0.631 4214.19 1110.42
0.632 4227.55 1108.95
0.633 4240.93 1107.46
0.634 4254.33 1105.95
0.635 4267.75 1104.41
0.636 4281.19 1102.84
0.637 4294.66 1101.25
0.638 4308.14 1099.63
0.639 4321.64 1097.98
0.64 4335.17 1096.31
0.641 4348.72 1094.61
0.642 4362.29 1092.88
0.643 4375.88 1091.13
0.644 4389.49 1089.35
0.645 4403.12 1087.55
0.646 4416.77 1085.71
0.647 4430.45 1083.85
0.648 4444.14 1081.97
0.649 4457.86 1080.05
0.65 4471.6 1078.11
0.651 4485.35 1076.15
0.652 4499.13 1074.15
0.653 4512.94 1072.13
0.654 4526.76 1070.08
0.655 4540.6 1068
0.656 4554.47 1065.89
0.657 4568.35 1063.76
0.658 4582.26 1061.6
0.659 4596.19 1059.41
0.66 4610.14 1057.2
0.661 4624.11 1054.95
0.662 4638.1 1052.68
0.663 4652.11 1050.38
0.664 4666.14 1048.05
0.665 4680.2 1045.69
0.666 4694.27 1043.31
0.667 4708.37 1040.89
0.668 4722.49 1038.45
0.669 4736.63 1035.98
0.67 4750.79 1033.48
0.671 4764.97 1030.95
0.672 4779.17 1028.4
0.673 4793.4 1025.81
0.674 4807.64 1023.2
0.675 4821.91 1020.55
0.676 4836.19 1017.88
0.677 4850.5 1015.18
0.678 4864.83 1012.45
0.679 4879.18 1009.68
0.68 4893.55 1006.89
0.681 4907.95 1004.08
0.682 4922.36 1001.23
0.683 4936.8 998.348
0.684 4951.25 995.439
0.685 4965.73 992.501
0.686 4980.23 989.533
0.687 4994.75 986.536
0.688 5009.29 983.508
0.689 5023.85 980.45
0.69 5038.43 977.362
0.691 5053.04 974.244
0.692 5067.66 971.095
0.693 5082.31 967.917
0.694 5096.98 964.707
0.695 5111.67 961.468
0.696 5126.38 958.197
0.697 5141.11 954.896
0.698 5155.86 951.565
0.699 5170.63 948.202
0.7 5185.43 944.809
0.701 5200.24 941.384
0.702 5215.08 937.929
0.703 5229.94 934.443
0.704 5244.82 930.925
0.705 5259.72 927.376
0.706 5274.64 923.796
0.707 5289.58 920.185
0.708 5304.54 916.541
0.709 5319.53 912.867
0.71 5334.53 909.161
0.711 5349.56 905.423
0.712 5364.61 901.653
0.713 5379.68 897.852
0.714 5394.77 894.018
0.715 5409.88 890.153
0.716 5425.01 886.255
0.717 5440.16 882.326
0.718 5455.34 878.364
0.719 5470.54 874.37
0.72 5485.75 870.343
0.721 5500.99 866.284
0.722 5516.25 862.193
0.723 5531.53 858.069
0.724 5546.83 853.912
0.725 5562.16 849.723
0.726 5577.5 845.501
0.727 5592.86 841.246
0.728 5608.25 836.958
0.729 5623.66 832.637
0.73 5639.09 828.282
0.731 5654.54 823.895
0.732 5670.01 819.474
0.733 5685.5 815.02
0.734 5701.01 810.533
0.735 5716.55 806.012
0.736 5732.1 801.458
0.737 5747.68 796.87
0.738 5763.27 792.248
0.739 5778.89 787.593
0.74 5794.53 782.903
0.741 5810.19 778.18
0.742 5825.88 773.423
0.743 5841.58 768.632
0.744 5857.3 763.806
0.745 5873.05 758.946
0.746 5888.82 754.052
0.747 5904.6 749.124
0.748 5920.41 744.161
0.749 5936.24 739.164
0.75 5952.09 734.132
0.751 5967.97 729.065
0.752 5983.86 723.964
0.753 5999.77 718.828
0.754 6015.71 713.657
0.755 6031.67 708.451
0.756 6047.64 703.21
0.757 6063.64 697.934
0.758 6079.66 692.622
0.759 6095.71 687.276
0.76 6111.77 681.894
0.761 6127.85 676.477
0.762 6143.96 671.024
0.763 6160.08 665.535
0.764 6176.23 660.011
0.765 6192.4 654.452
0.766 6208.59 648.856
0.767 6224.8 643.225
0.768 6241.03 637.557
0.769 6257.28 631.854
0.77 6273.56 626.115
0.771 6289.85 620.339
0.772 6306.17 614.527
0.773 6322.5 608.679
0.774 6338.86 602.795
0.775 6355.24 596.874
0.776 6371.64 590.916
0.777 6388.06 584.922
0.778 6404.51 578.892
0.779 6420.97 572.824
0.78 6437.46 566.72
0.781 6453.96 560.579
0.782 6470.49 554.401
0.783 6487.04 548.185
0.784 6503.61 541.933
0.785 6520.2 535.644
0.786 6536.81 529.317
0.787 6553.44 522.953
0.788 6570.1 516.551
0.789 6586.77 510.112
0.79 6603.47 503.635
0.791 6620.19 497.121
0.792 6636.93 490.569
0.793 6653.69 483.979
0.794 6670.47 477.352
0.795 6687.27 470.686
0.796 6704.09 463.983
0.797 6720.94 457.241
0.798 6737.8 450.461
0.799 6754.69 443.643
0.8 6771.6 436.787
0.801 6788.53 429.892
0.802 6805.48 422.959
0.803 6822.45 415.987
0.804 6839.44 408.976
0.805 6856.45 401.927
0.806 6873.49 394.84
0.807 6890.55 387.713
0.808 6907.62 380.547
0.809 6924.72 373.343
0.81 6941.84 366.099
0.811 6958.98 358.817
0.812 6976.14 351.495
0.813 6993.32 344.133
0.814 7010.53 336.733
0.815 7027.75 329.293
0.816 7045 321.813
0.817 7062.27 314.294
0.818 7079.55 306.736
0.819 7096.86 299.137
0.82 7114.19 291.499
0.821 7131.55 283.821
0.822 7148.92 276.103
0.823 7166.31 268.345
0.824 7183.73 260.546
0.825 7201.16 252.708
0.826 7218.62 244.83
0.827 7236.1 236.911
0.828 7253.6 228.951
0.829 7271.12 220.952
0.83 7288.66 212.911
0.831 7306.23 204.83
0.832 7323.81 196.709
0.833 7341.42 188.546
0.834 7359.04 180.343
0.835 7376.69 172.099
0.836 7394.36 163.814
0.837 7412.05 155.488
0.838 7429.76 147.12
0.839 7447.49 138.712
0.84 7465.24 130.262
0.841 7483.02 121.771
0.842 7500.81 113.238
0.843 7518.63 104.664
0.844 7536.47 96.0482
0.845 7554.33 87.3908
0.846 7572.21 78.6917
0.847 7590.11 69.9508
0.848 7608.03 61.168
0.849 7625.98 52.3432
0.85 7643.94 43.4764
0.851 7661.93 34.5675
0.852 7679.93 25.6165
0.853 7697.96 16.6231
0.854 7716.01 7.58748
0.855 7734.08 -1.49057
