0 0 0
0.001 0.017101 0.0469598
0.002 0.051303 0.110922
0.003 0.102606 0.191811
0.004 0.17101 0.289553
0.005 0.256515 0.404074
0.006 0.359121 0.535299
0.007 0.478828 0.683155
0.008 0.615636 0.847566
0.009 0.769545 1.02846
0.01 0.940555 1.22576
0.011 1.12867 1.43939
0.012 1.33388 1.66928
0.013 1.55619 1.91535
0.014 1.79561 2.17754
0.015 2.05212 2.45575
0.016 2.32574 2.74993
0.017 2.61645 3.06
0.018 2.92427 3.38587
0.019 3.24919 3.72749
0.02 3.59121 4.08477
0.021 3.95033 4.45763
0.022 4.32655 4.84601
0.023 4.71988 5.24983
0.024 5.1303 5.66902
0.025 5.55783 6.1035
0.026 6.00245 6.55319
0.027 6.46418 7.01803
0.028 6.94301 7.49794
0.029 7.43894 7.99284
0.03 7.95197 8.50266
0.031 8.4821 9.02732
0.032 9.02933 9.56675
0.033 9.59366 10.1209
0.034 10.1751 10.6896
0.035 10.7736 11.2729
0.036 11.3893 11.8707
0.037 12.022 12.4829
0.038 12.6718 13.1094
0.039 13.3388 13.7501
0.04 14.0228 14.405
0.041 14.7239 15.0741
0.042 15.4422 15.7571
0.043 16.1775 16.4541
0.044 16.93 17.165
0.045 17.6995 17.8897
0.046 18.4861 18.6281
0.047 19.2898 19.3801
0.048 20.1107 20.1458
0.049 20.9486 20.9249
0.05 21.8036 21.7175
0.051 22.6757 22.5234
0.052 23.5649 23.3426
0.053 24.4712 24.175
0.054 25.3946 25.0206
0.055 26.335 25.8791
0.056 27.2926 26.7507
0.057 28.2672 27.6352
0.058 29.2589 28.5325
0.059 30.2677 29.4425
0.06 31.2935 30.3653
0.061 32.3365 31.3006
0.062 33.3965 32.2485
0.063 34.4736 33.2088
0.064 35.5679 34.1816
0.065 36.6793 35.1667
0.066 37.8079 36.164
0.067 38.9535 37.1736
0.068 40.1164 38.1953
0.069 41.2964 39.229
0.07 42.4935 40.2747
0.071 43.7078 41.3324
0.072 44.9392 42.4018
0.073 46.1877 43.483
0.074 47.4534 44.5759
0.075 48.7362 45.6803
0.076 50.0361 46.7963
0.077 51.3532 47.9237
0.078 52.6873 49.0625
0.079 54.0386 50.2126
0.08 55.407 51.3739
0.081 56.7925 52.5464
0.082 58.1951 53.7299
0.083 59.6148 54.9243
0.084 61.0516 56.1297
0.085 62.5056 57.346
0.086 63.9766 58.573
0.087 65.4648 59.8107
0.088 66.9701 61.059
0.089 68.4924 62.3178
0.09 70.0319 63.5871
0.091 71.5885 64.8668
0.092 73.1622 66.1568
0.093 74.753 67.457
0.094 76.3609 68.7674
0.095 77.9859 70.0879
0.096 79.628 71.4184
0.097 81.2872 72.7589
0.098 82.9636 74.1092
0.099 84.657 75.4693
0.1 86.3675 76.8392
0.101 88.0952 78.2187
0.102 89.8399 79.6077
0.103 91.6018 81.0063
0.104 93.3808 82.4142
0.105 95.1768 83.8315
0.106 96.99 85.2581
0.107 98.8203 86.6939
0.108 100.668 88.1388
0.109 102.532 89.5928
0.11 104.414 91.0557
0.111 106.312 92.5275
0.112 108.228 94.0082
0.113 110.161 95.4976
0.114 112.111 96.9956
0.115 114.078 98.5023
0.116 116.063 100.018
0.117 118.064 101.541
0.118 120.082 103.073
0.119 122.118 104.614
0.12 124.171 106.162
0.121 126.24 107.719
0.122 128.327 109.284
0.123 130.431 110.857
0.124 132.552 112.437
0.125 134.69 114.026
0.126 136.846 115.622
0.127 139.018 117.226
0.128 141.208 118.838
0.129 143.414 120.458
0.13 145.638 122.084
0.131 147.879 123.719
0.132 150.137 125.36
0.133 152.412 127.009
0.134 154.704 128.665
0.135 157.013 130.328
0.136 159.339 131.998
0.137 161.683 133.675
0.138 164.043 135.359
0.139 166.421 137.05
0.14 168.816 138.748
0.141 171.228 140.452
0.142 173.657 142.163
0.143 176.103 143.88
0.144 178.566 145.604
0.145 181.046 147.334
0.146 183.544 149.071
0.147 186.058 150.813
0.148 188.59 152.562
0.149 191.138 154.317
0.15 193.704 156.078
0.151 196.287 157.845
0.152 198.887 159.618
0.153 201.504 161.396
0.154 204.138 163.18
0.155 206.79 164.97
0.156 209.458 166.765
0.157 212.144 168.566
0.158 214.846 170.372
0.159 217.566 172.184
0.16 220.303 174.001
0.161 223.057 175.823
0.162 225.828 177.65
0.163 228.616 179.482
0.164 231.422 181.319
0.165 234.244 183.161
0.166 237.084 185.008
0.167 239.94 186.86
0.168 242.814 188.716
0.169 245.705 190.576
0.17 248.613 192.442
0.171 251.538 194.312
0.172 254.48 196.186
0.173 257.439 198.064
0.174 260.415 199.947
0.175 263.409 201.833
0.176 266.419 203.724
0.177 269.447 205.619
0.178 272.492 207.518
0.179 275.554 209.42
0.18 278.633 211.327
0.181 281.729 213.237
0.182 284.842 215.15
0.183 287.972 217.067
0.184 291.12 218.988
0.185 294.284 220.912
0.186 297.466 222.839
0.187 300.664 224.77
0.188 303.88 226.704
0.189 307.113 228.641
0.19 310.363 230.581
0.191 313.63 232.524
0.192 316.915 234.469
0.193 320.216 236.418
0.194 323.534 238.369
0.195 326.87 240.323
0.196 330.223 242.279
0.197 333.592 244.239
0.198 336.979 246.2
0.199 340.383 248.164
0.2 343.804 250.13
0.201 347.243 252.098
0.202 350.698 254.068
0.203 354.17 256.041
0.204 357.66 258.015
0.205 361.166 259.992
0.206 364.69 261.97
0.207 368.231 263.95
0.208 371.789 265.932
0.209 375.364 267.915
0.21 378.956 269.9
0.211 382.565 271.886
0.212 386.192 273.874
0.213 389.835 275.862
0.214 393.496 277.853
0.215 397.173 279.844
0.216 400.868 281.837
0.217 404.58 283.83
0.218 408.309 285.824
0.219 412.055 287.82
0.22 415.818 289.816
0.221 419.599 291.813
0.222 423.396 293.81
0.223 427.211 295.808
0.224 431.042 297.807
0.225 434.891 299.805
0.226 438.757 301.805
0.227 442.64 303.804
0.228 446.54 305.804
0.229 450.457 307.804
0.23 454.391 309.804
0.231 458.342 311.804
0.232 462.311 313.804
0.233 466.297 315.803
0.234 470.299 317.803
0.235 474.319 319.802
0.236 478.356 321.8
0.237 482.41 323.798
0.238 486.481 325.796
0.239 490.569 327.793
0.24 494.674 329.789
0.241 498.797 331.785
0.242 502.936 333.78
0.243 507.093 335.774
0.244 511.267 337.766
0.245 515.458 339.758
0.246 519.665 341.749
0.247 523.891 343.738
0.248 528.133 345.726
0.249 532.392 347.713
0.25 536.668 349.698
0.251 540.962 351.682
0.252 545.272 353.664
0.253 549.6 355.645
0.254 553.945 357.624
0.255 558.307 359.601
0.256 562.686 361.576
0.257 567.082 363.549
0.258 571.495 365.52
0.259 575.925 367.489
0.26 580.373 369.456
0.261 584.837 371.42
0.262 589.319 373.383
0.263 593.818 375.343
0.264 598.333 377.3
0.265 602.866 379.255
0.266 607.416 381.207
0.267 611.984 383.156
0.268 616.568 385.103
0.269 621.169 387.047
0.27 625.788 388.988
0.271 630.423 390.926
0.272 635.076 392.861
0.273 639.746 394.792
0.274 644.433 396.721
0.275 649.137 398.646
0.276 653.858 400.568
0.277 658.596 402.486
0.278 663.351 404.401
0.279 668.124 406.312
0.28 672.913 408.22
0.281 677.72 410.124
0.282 682.544 412.024
0.283 687.384 413.92
0.284 692.242 415.812
0.285 697.117 417.7
0.286 702.01 419.584
0.287 706.919 421.464
0.288 711.845 423.34
0.289 716.789 425.211
0.29 721.749 427.078
0.291 726.727 428.94
0.292 731.722 430.798
0.293 736.734 432.651
0.294 741.763 434.5
0.295 746.809 436.343
0.296 751.872 438.182
0.297 756.952 440.016
0.298 762.05 441.845
0.299 767.164 443.668
0.3 772.296 445.487
0.301 777.445 447.3
0.302 782.61 449.108
0.303 787.793 450.911
0.304 792.993 452.708
0.305 798.211 454.5
0.306 803.445 456.286
0.307 808.696 458.067
0.308 813.965 459.841
0.309 819.25 461.61
0.31 824.553 463.373
0.311 829.873 465.13
0.312 835.21 466.881
0.313 840.564 468.626
0.314 845.935 470.365
0.315 851.323 472.097
0.316 856.728 473.823
0.317 862.151 475.542
0.318 867.59 477.256
0.319 873.047 478.962
0.32 878.521 480.662
0.321 884.011 482.355
0.322 889.519 484.041
0.323 895.044 485.721
0.324 900.587 487.393
0.325 906.146 489.059
0.326 911.722 490.717
0.327 917.316 492.369
0.328 922.926 494.013
0.329 928.554 495.65
0.33 934.199 497.279
0.331 939.861 498.901
0.332 945.54 500.515
0.333 951.236 502.122
0.334 956.949 503.721
0.335 962.679 505.312
0.336 968.427 506.896
0.337 974.191 508.471
0.338 979.973 510.039
0.339 985.772 511.598
0.34 991.588 513.15
0.341 997.421 514.693
0.342 1003.27 516.228
0.343 1009.14 517.754
0.344 1015.02 519.272
0.345 1020.92 520.782
0.346 1026.84 522.283
0.347 1032.78 523.775
0.348 1038.73 525.259
0.349 1044.7 526.734
0.35 1050.69 528.2
0.351 1056.69 529.657
0.352 1062.71 531.105
0.353 1068.75 532.544
0.354 1074.81 533.974
0.355 1080.88 535.394
0.356 1086.97 536.805
0.357 1093.07 538.207
0.358 1099.2 539.599
0.359 1105.34 540.982
0.36 1111.5 542.355
0.361 1117.67 543.719
0.362 1123.86 545.073
0.363 1130.07 546.416
0.364 1136.3 547.75
0.365 1142.54 549.074
0.366 1148.8 550.388
0.367 1155.08 551.692
0.368 1161.38 552.985
0.369 1167.69 554.269
0.37 1174.02 555.542
0.371 1180.36 556.804
0.372 1186.73 558.056
0.373 1193.11 559.297
0.374 1199.5 560.528
0.375 1205.92 561.748
0.376 1212.35 562.957
0.377 1218.8 564.155
0.378 1225.27 565.343
0.379 1231.75 566.519
0.38 1238.25 567.684
0.381 1244.77 568.838
0.382 1251.3 569.981
0.383 1257.85 571.112
0.384 1264.42 572.232
0.385 1271.01 573.341
0.386 1277.61 574.438
0.387 1284.23 575.523
0.388 1290.86 576.597
0.389 1297.52 577.659
0.39 1304.19 578.709
0.391 1310.88 579.747
0.392 1317.58 580.773
0.393 1324.31 581.787
0.394 1331.05 582.789
0.395 1337.8 583.778
0.396 1344.58 584.756
0.397 1351.37 585.721
0.398 1358.17 586.673
0.399 1365 587.613
0.4 1371.84 588.541
0.401 1378.7 589.456
0.402 1385.58 590.358
0.403 1392.47 591.247
0.404 1399.38 592.123
0.405 1406.31 592.987
0.406 1413.25 593.837
0.407 1420.22 594.674
0.408 1427.19 595.498
0.409 1434.19 596.309
0.41 1441.2 597.106
0.411 1448.23 597.89
0.412 1455.28 598.661
0.413 1462.35 599.418
0.414 1469.43 600.161
0.415 1476.53 600.891
0.416 1483.64 601.607
0.417 1490.78 602.309
0.418 1497.93 602.997
0.419 1505.09 603.671
0.42 1512.28 604.331
0.421 1519.48 604.976
0.422 1526.7 605.608
0.423 1533.93 606.225
0.424 1541.19 606.828
0.425 1548.46 607.417
0.426 1555.74 607.991
0.427 1563.05 608.55
0.428 1570.37 609.094
0.429 1577.71 609.624
0.43 1585.06 610.139
0.431 1592.43 610.64
0.432 1599.82 611.125
0.433 1607.23 611.595
0.434 1614.65 612.05
0.435 1622.09 612.49
0.436 1629.55 612.914
0.437 1637.03 613.324
0.438 1644.52 613.717
0.439 1652.03 614.096
0.44 1659.56 614.458
0.441 1667.1 614.806
0.442 1674.66 615.137
0.443 1682.24 615.453
0.444 1689.83 615.752
0.445 1697.44 616.036
0.446 1705.07 616.304
0.447 1712.72 616.556
0.448 1720.38 616.791
0.449 1728.06 617.01
0.45 1735.76 617.213
0.451 1743.47 617.4
0.452 1751.21 617.57
0.453 1758.95 617.724
0.454 1766.72 617.861
0.455 1774.5 617.981
0.456 1782.3 618.084
0.457 1790.12 618.171
0.458 1797.96 618.241
0.459 1805.81 618.294
0.46 1813.68 618.329
0.461 1821.56 618.348
0.462 1829.46 618.35
0.463 1837.38 618.334
0.464 1845.32 618.301
0.465 1853.27 618.25
0.466 1861.25 618.182
0.467 1869.23 618.096
0.468 1877.24 617.993
0.469 1885.26 617.872
0.47 1893.3 617.733
0.471 1901.36 617.576
0.472 1909.43 617.401
0.473 1917.52 617.209
0.474 1925.63 616.998
0.475 1933.76 616.769
0.476 1941.9 616.522
0.477 1950.06 616.256
0.478 1958.23 615.972
0.479 1966.43 615.67
0.48 1974.64 615.349
0.481 1982.87 615.009
0.482 1991.11 614.651
0.483 1999.37 614.274
0.484 2007.65 613.878
0.485 2015.95 613.463
0.486 2024.26 613.029
0.487 2032.59 612.577
0.488 2040.94 612.105
0.489 2049.3 611.613
0.49 2057.68 611.103
0.491 2066.08 610.573
0.492 2074.5 610.024
0.493 2082.93 609.455
0.494 2091.38 608.867
0.495 2099.85 608.259
0.496 2108.33 607.631
0.497 2116.84 606.983
0.498 2125.35 606.316
0.499 2133.89 605.629
0.5 2142.44 604.921
0.501 2151.01 604.194
0.502 2159.6 603.446
0.503 2168.2 602.678
0.504 2176.82 601.89
0.505 2185.46 601.081
0.506 2194.12 600.252
0.507 2202.79 599.402
0.508 2211.48 598.532
0.509 2220.19 597.641
0.51 2228.91 596.729
0.511 2237.65 595.796
0.512 2246.41 594.843
0.513 2255.18 593.868
0.514 2263.98 592.872
0.515 2272.79 591.856
0.516 2281.61 590.818
0.517 2290.46 589.758
0.518 2299.32 588.678
0.519 2308.19 587.575
0.52 2317.09 586.452
0.521 2326 585.307
0.522 2334.93 584.14
0.523 2343.88 582.951
0.524 2352.84 581.741
0.525 2361.82 580.508
0.526 2370.82 579.254
0.527 2379.83 577.978
0.528 2388.86 576.679
0.529 2397.91 575.358
0.53 2406.98 574.016
0.531 2416.06 572.65
0.532 2425.16 571.263
0.533 2434.28 569.853
0.534 2443.41 568.42
0.535 2452.56 566.965
0.536 2461.73 565.487
0.537 2470.92 563.986
0.538 2480.12 562.462
0.539 2489.34 560.915
0.54 2498.58 559.346
0.541 2507.83 557.753
0.542 2517.1 556.137
0.543 2526.39 554.498
0.544 2535.7 552.836
0.545 2545.02 551.15
0.546 2554.36 549.441
0.547 2563.71 547.708
0.548 2573.09 545.952
0.549 2582.48 544.172
0.55 2591.89 542.368
0.551 2601.31 540.541
0.552 2610.75 538.689
0.553 2620.21 536.814
0.554 2629.69 534.914
0.555 2639.18 532.991
0.556 2648.69 531.043
0.557 2658.22 529.071
0.558 2667.77 527.074
0.559 2677.33 525.053
0.56 2686.91 523.008
0.561 2696.5 520.938
0.562 2706.12 518.844
0.563 2715.75 516.724
0.564 2725.4 514.58
0.565 2735.06 512.412
0.566 2744.74 510.218
0.567 2754.44 507.999
0.568 2764.16 505.755
0.569 2773.89 503.486
0.57 2783.64 501.192
0.571 2793.41 498.872
0.572 2803.19 496.527
0.573 2812.99 494.156
0.574 2822.81 491.76
0.575 2832.65 489.339
0.576 2842.5 486.891
0.577 2852.37 484.418
0.578 2862.26 481.919
0.579 2872.16 479.395
0.58 2882.08 476.844
0.581 2892.02 474.267
0.582 2901.97 471.664
0.583 2911.95 469.035
0.584 2921.94 466.379
0.585 2931.94 463.698
0.586 2941.97 460.989
0.587 2952.01 458.255
0.588 2962.07 455.493
0.589 2972.14 452.705
0.59 2982.23 449.891
0.591 2992.34 447.049
0.592 3002.47 444.181
0.593 3012.61 441.286
0.594 3022.77 438.363
0.595 3032.95 435.414
0.596 3043.15 432.437
0.597 3053.36 429.434
0.598 3063.59 426.403
0.599 3073.83 423.344
0.6 3084.1 420.258
0.601 3094.38 417.144
0.602 3104.67 414.003
0.603 3114.99 410.834
0.604 3125.32 407.638
0.605 3135.67 404.413
0.606 3146.04 401.161
0.607 3156.42 397.881
0.608 3166.82 394.572
0.609 3177.24 391.236
0.61 3187.67 387.871
0.611 3198.12 384.478
0.612 3208.59 381.057
0.613 3219.08 377.607
0.614 3229.58 374.128
0.615 3240.1 370.622
0.616 3250.64 367.086
0.617 3261.19 363.522
0.618 3271.76 359.929
0.619 3282.35 356.307
0.62 3292.95 352.656
0.621 3303.58 348.976
0.622 3314.22 345.267
0.623 3324.87 341.528
0.624 3335.55 337.761
0.625 3346.24 333.964
0.626 3356.95 330.138
0.627 3367.67 326.282
0.628 3378.41 322.397
0.629 3389.17 318.482
0.63 3399.95 314.537
0.631 3410.74 310.563
0.632 3421.55 306.559
0.633 3432.38 302.525
0.634 3443.23 298.46
0.635 3454.09 294.366
0.636 3464.97 290.242
0.637 3475.86 286.087
0.638 3486.78 281.903
0.639 3497.71 277.687
0.64 3508.65 273.442
0.641 3519.62 269.166
0.642 3530.6 264.859
0.643 3541.6 260.521
0.644 3552.61 256.153
0.645 3563.65 251.754
0.646 3574.7 247.324
0.647 3585.77 242.864
0.648 3596.85 238.372
0.649 3607.95 233.849
0.65 3619.07 229.295
0.651 3630.21 224.709
0.652 3641.36 220.092
0.653 3652.53 215.444
0.654 3663.71 210.765
0.655 3674.92 206.053
0.656 3686.14 201.31
0.657 3697.38 196.536
0.658 3708.63 191.73
0.659 3719.91 186.891
0.66 3731.2 182.021
0.661 3742.5 177.119
0.662 3753.83 172.185
0.663 3765.17 167.219
0.664 3776.53 162.22
0.665 3787.9 157.189
0.666 3799.29 152.126
0.667 3810.7 147.03
0.668 3822.13 141.902
0.669 3833.57 136.741
0.67 3845.03 131.548
0.671 3856.51 126.322
0.672 3868 121.063
0.673 3879.52 115.771
0.674 3891.05 110.446
0.675 3902.59 105.088
0.676 3914.16 99.6966
0.677 3925.74 94.2723
0.678 3937.33 88.8148
0.679 3948.95 83.3239
0.68 3960.58 77.7996
0.681 3972.23 72.2418
0.682 3983.89 66.6504
0.683 3995.58 61.0254
0.684 4007.28 55.3667
0.685 4018.99 49.6742
0.686 4030.73 43.9478
0.687 4042.48 38.1875
0.688 4054.25 32.3932
0.689 4066.03 26.5648
0.69 4077.84 20.7022
0.691 4089.66 14.8054
0.692 4101.49 8.87432
0.693 4113.35 2.90883
0.694 4125.22 -3.09112
