0 0 0
0.001 0.012941 0.0482715
0.002 0.0388229 0.109385
0.003 0.0776457 0.183266
0.004 0.12941 0.269839
0.005 0.194114 0.369032
0.006 0.27176 0.480768
0.007 0.362347 0.604975
0.008 0.465874 0.741577
0.009 0.582343 0.890501
0.01 0.711752 1.05167
0.011 0.854103 1.22501
0.012 1.00939 1.41045
0.013 1.17763 1.60792
0.014 1.3588 1.81733
0.015 1.55291 2.03862
0.016 1.75997 2.27171
0.017 1.97997 2.51653
0.018 2.2129 2.773
0.019 2.45878 3.04104
0.02 2.7176 3.32059
0.021 2.98936 3.61157
0.022 3.27406 3.9139
0.023 3.5717 4.22751
0.024 3.88229 4.55233
0.025 4.20581 4.88827
0.026 4.54227 5.23528
0.027 4.89168 5.59327
0.028 5.25403 5.96216
0.029 5.62931 6.34189
0.03 6.01754 6.73238
0.031 6.41871 7.13356
0.032 6.83282 7.54534
0.033 7.25987 7.96766
0.034 7.69986 8.40044
0.035 8.1528 8.84362
0.036 8.61867 9.2971
0.037 9.09748 9.76082
0.038 9.58924 10.2347
0.039 10.0939 10.7187
0.04 10.6116 11.2127
0.041 11.1421 11.7166
0.042 11.6857 12.2304
0.043 12.2421 12.754
0.044 12.8115 13.2873
0.045 13.3939 13.8303
0.046 13.9891 14.3828
0.047 14.5973 14.9448
0.048 15.2185 15.5162
0.049 15.8526 16.097
0.05 16.4996 16.6871
0.051 17.1596 17.2863
0.052 17.8325 17.8947
0.053 18.5183 18.5121
0.054 19.2171 19.1384
0.055 19.9287 19.7737
0.056 20.6533 20.4178
0.057 21.3908 21.0706
0.058 22.1412 21.7321
0.059 22.9045 22.4022
0.06 23.6807 23.0808
0.061 24.4698 23.7678
0.062 25.2718 24.4633
0.063 26.0868 25.167
0.064 26.9147 25.879
0.065 27.7556 26.5992
0.066 28.6096 27.3274
0.067 29.4765 28.0638
0.068 30.3565 28.8081
0.069 31.2495 29.5603
0.07 32.1555 30.3204
0.071 33.0745 31.0882
0.072 34.0065 31.8637
0.073 34.9514 32.6468
0.074 35.9094 33.4374
0.075 36.8803 34.2354
0.076 37.8641 35.0408
0.077 38.8609 35.8535
0.078 39.8707 36.6734
0.079 40.8935 37.5004
0.08 41.9291 38.3345
0.081 42.9778 39.1755
0.082 44.0394 40.0235
0.083 45.1139 40.8783
0.084 46.2014 41.7398
0.085 47.3018 42.608
0.086 48.4152 43.4828
0.087 49.5415 44.3642
0.088 50.6808 45.2519
0.089 51.833 46.1461
0.09 52.9982 47.0466
0.091 54.1763 47.9533
0.092 55.3673 48.8661
0.093 56.5714 49.7851
0.094 57.7883 50.71
0.095 59.0182 51.6409
0.096 60.2611 52.5776
0.097 61.5169 53.5201
0.098 62.7856 54.4683
0.099 64.0673 55.4222
0.1 65.3619 56.3816
0.101 66.6695 57.3465
0.102 67.99 58.3168
0.103 69.3235 59.2925
0.104 70.6699 60.2734
0.105 72.0293 61.2595
0.106 73.4016 62.2507
0.107 74.7869 63.2469
0.108 76.1851 64.2481
0.109 77.5963 65.2542
0.11 79.0204 66.2651
0.111 80.4574 67.2808
0.112 81.9074 68.3011
0.113 83.3703 69.326
0.114 84.8462 70.3554
0.115 86.3351 71.3893
0.116 87.8369 72.4276
0.117 89.3516 73.4701
0.118 90.8793 74.5169
0.119 92.4199 75.5678
0.12 93.9734 76.6227
0.121 95.5399 77.6817
0.122 97.1194 78.7446
0.123 98.7118 79.8114
0.124 100.317 80.8819
0.125 101.935 81.9561
0.126 103.567 83.0339
0.127 105.211 84.1153
0.128 106.868 85.2002
0.129 108.538 86.2885
0.13 110.221 87.3801
0.131 111.917 88.4749
0.132 113.626 89.573
0.133 115.348 90.6741
0.134 117.083 91.7783
0.135 118.831 92.8854
0.136 120.591 93.9954
0.137 122.365 95.1082
0.138 124.151 96.2238
0.139 125.951 97.342
0.14 127.764 98.4628
0.141 129.589 99.5861
0.142 131.427 100.712
0.143 133.279 101.84
0.144 135.143 102.97
0.145 137.02 104.103
0.146 138.91 105.238
0.147 140.813 106.374
0.148 142.73 107.513
0.149 144.659 108.654
0.15 146.601 109.796
0.151 148.555 110.941
0.152 150.523 112.087
0.153 152.504 113.234
0.154 154.498 114.384
0.155 156.504 115.534
0.156 158.524 116.686
0.157 160.557 117.84
0.158 162.602 118.994
0.159 164.661 120.15
0.16 166.732 121.307
0.161 168.817 122.465
0.162 170.914 123.623
0.163 173.024 124.783
0.164 175.147 125.944
0.165 177.283 127.105
0.166 179.433 128.267
0.167 181.595 129.429
0.168 183.77 130.592
0.169 185.958 131.755
0.17 188.158 132.919
0.171 190.372 134.083
0.172 192.599 135.247
0.173 194.839 136.412
0.174 197.091 137.576
0.175 199.357 138.741
0.176 201.636 139.905
0.177 203.927 141.069
0.178 206.232 142.233
0.179 208.549 143.396
0.18 210.879 144.56
0.181 213.223 145.722
0.182 215.579 146.884
0.183 217.948 148.046
0.184 220.33 149.207
0.185 222.725 150.367
0.186 225.133 151.526
0.187 227.554 152.685
0.188 229.988 153.842
0.189 232.435 154.998
0.19 234.895 156.154
0.191 237.368 157.307
0.192 239.853 158.46
0.193 242.352 159.611
0.194 244.864 160.761
0.195 247.388 161.91
0.196 249.926 163.057
0.197 252.476 164.202
0.198 255.039 165.345
0.199 257.616 166.487
0.2 260.205 167.627
0.201 262.807 168.764
0.202 265.422 169.9
0.203 268.051 171.034
0.204 270.692 172.165
0.205 273.346 173.294
0.206 276.013 174.421
0.207 278.693 175.546
0.208 281.385 176.668
0.209 284.091 177.787
0.21 286.81 178.904
0.211 289.542 180.018
0.212 292.286 181.13
0.213 295.044 182.238
0.214 297.814 183.344
0.215 300.598 184.447
0.216 303.394 185.546
0.217 306.204 186.643
0.218 309.026 187.736
0.219 311.861 188.826
0.22 314.709 189.912
0.221 317.571 190.996
0.222 320.445 192.075
0.223 323.332 193.151
0.224 326.232 194.224
0.225 329.145 195.292
0.226 332.07 196.357
0.227 335.009 197.418
0.228 337.961 198.475
0.229 340.926 199.528
0.23 343.903 200.577
0.231 346.894 201.621
0.232 349.898 202.662
0.233 352.914 203.698
0.234 355.944 204.729
0.235 358.986 205.757
0.236 362.041 206.779
0.237 365.11 207.797
0.238 368.191 208.81
0.239 371.285 209.819
0.24 374.392 210.822
0.241 377.512 211.821
0.242 380.645 212.815
0.243 383.791 213.804
0.244 386.95 214.787
0.245 390.122 215.765
0.246 393.307 216.738
0.247 396.505 217.706
0.248 399.715 218.668
0.249 402.939 219.625
0.25 406.176 220.576
0.251 409.425 221.521
0.252 412.688 222.461
0.253 415.963 223.394
0.254 419.251 224.322
0.255 422.553 225.244
0.256 425.867 226.16
0.257 429.194 227.07
0.258 432.534 227.973
0.259 435.888 228.871
0.26 439.254 229.762
0.261 442.633 230.646
0.262 446.025 231.524
0.263 449.43 232.396
0.264 452.847 233.261
0.265 456.278 234.119
0.266 459.722 234.97
0.267 463.179 235.815
0.268 466.648 236.652
0.269 470.131 237.483
0.27 473.626 238.306
0.271 477.135 239.123
0.272 480.656 239.932
0.273 484.191 240.733
0.274 487.738 241.528
0.275 491.298 242.315
0.276 494.871 243.094
0.277 498.457 243.866
0.278 502.057 244.63
0.279 505.669 245.386
0.28 509.294 246.135
0.281 512.932 246.876
0.282 516.582 247.608
0.283 520.246 248.333
0.284 523.923 249.049
0.285 527.613 249.758
0.286 531.315 250.458
0.287 535.031 251.149
0.288 538.76 251.833
0.289 542.501 252.507
0.29 546.256 253.173
0.291 550.023 253.831
0.292 553.803 254.48
0.293 557.597 255.12
0.294 561.403 255.751
0.295 565.222 256.373
0.296 569.054 256.986
0.297 572.899 257.59
0.298 576.757 258.185
0.299 580.628 258.771
0.3 584.512 259.347
0.301 588.409 259.914
0.302 592.319 260.472
0.303 596.242 261.02
0.304 600.177 261.558
0.305 604.126 262.087
0.306 608.088 262.606
0.307 612.062 263.115
0.308 616.05 263.614
0.309 620.05 264.103
0.31 624.063 264.582
0.311 628.09 265.051
0.312 632.129 265.51
0.313 636.181 265.959
0.314 640.246 266.397
0.315 644.324 266.825
0.316 648.416 267.242
0.317 652.52 267.649
0.318 656.636 268.044
0.319 660.766 268.43
0.32 664.909 268.804
0.321 669.065 269.168
0.322 673.234 269.52
0.323 677.415 269.862
0.324 681.61 270.193
0.325 685.818 270.512
0.326 690.038 270.82
0.327 694.272 271.117
0.328 698.518 271.402
0.329 702.777 271.676
0.33 707.05 271.938
0.331 711.335 272.189
0.332 715.633 272.428
0.333 719.944 272.655
0.334 724.268 272.871
0.335 728.605 273.074
0.336 732.955 273.266
0.337 737.318 273.445
0.338 741.694 273.612
0.339 746.083 273.767
0.34 750.485 273.91
0.341 754.9 274.041
0.342 759.327 274.159
0.343 763.768 274.264
0.344 768.221 274.357
0.345 772.688 274.437
0.346 777.167 274.505
0.347 781.66 274.559
0.348 786.165 274.601
0.349 790.683 274.63
0.35 795.215 274.646
0.351 799.759 274.648
0.352 804.316 274.638
0.353 808.886 274.614
0.354 813.469 274.577
0.355 818.065 274.527
0.356 822.674 274.463
0.357 827.296 274.385
0.358 831.931 274.294
0.359 836.578 274.189
0.36 841.239 274.071
0.361 845.913 273.938
0.362 850.599 273.792
0.363 855.299 273.631
0.364 860.011 273.457
0.365 864.737 273.268
0.366 869.475 273.065
0.367 874.226 272.848
0.368 878.991 272.617
0.369 883.768 272.371
0.37 888.558 272.11
0.371 893.361 271.835
0.372 898.177 271.545
0.373 903.006 271.241
0.374 907.848 270.922
0.375 912.703 270.587
0.376 917.571 270.238
0.377 922.452 269.874
0.378 927.345 269.495
0.379 932.252 269.1
0.38 937.172 268.69
0.381 942.104 268.265
0.382 947.05 267.825
0.383 952.008 267.369
0.384 956.98 266.897
0.385 961.964 266.41
0.386 966.961 265.907
0.387 971.972 265.388
0.388 976.995 264.854
0.389 982.031 264.303
0.39 987.08 263.736
0.391 992.142 263.154
0.392 997.217 262.555
0.393 1002.31 261.94
0.394 1007.41 261.309
0.395 1012.52 260.661
0.396 1017.65 259.997
0.397 1022.79 259.316
0.398 1027.94 258.619
0.399 1033.1 257.905
0.4 1038.28 257.174
0.401 1043.47 256.427
0.402 1048.68 255.662
0.403 1053.9 254.881
0.404 1059.13 254.083
0.405 1064.37 253.267
0.406 1069.63 252.434
0.407 1074.9 251.584
0.408 1080.18 250.717
0.409 1085.47 249.832
0.41 1090.78 248.93
0.411 1096.1 248.01
0.412 1101.44 247.072
0.413 1106.78 246.117
0.414 1112.14 245.144
0.415 1117.52 244.153
0.416 1122.9 243.144
0.417 1128.3 242.117
0.418 1133.71 241.072
0.419 1139.14 240.009
0.42 1144.57 238.928
0.421 1150.02 237.828
0.422 1155.49 236.71
0.423 1160.96 235.574
0.424 1166.45 234.419
0.425 1171.95 233.245
0.426 1177.47 232.053
0.427 1183 230.841
0.428 1188.54 229.612
0.429 1194.09 228.363
0.43 1199.66 227.095
0.431 1205.24 225.808
0.432 1210.83 224.502
0.433 1216.44 223.177
0.434 1222.06 221.832
0.435 1227.69 220.468
0.436 1233.33 219.085
0.437 1238.99 217.682
0.438 1244.66 216.26
0.439 1250.34 214.818
0.44 1256.04 213.356
0.441 1261.75 211.874
0.442 1267.47 210.373
0.443 1273.21 208.852
0.444 1278.96 207.31
0.445 1284.72 205.749
0.446 1290.49 204.167
0.447 1296.28 202.565
0.448 1302.08 200.943
0.449 1307.89 199.3
0.45 1313.72 197.637
0.451 1319.56 195.953
0.452 1325.41 194.249
0.453 1331.27 192.524
0.454 1337.15 190.778
0.455 1343.04 189.012
0.456 1348.94 187.224
0.457 1354.86 185.416
0.458 1360.79 183.586
0.459 1366.73 181.735
0.46 1372.69 179.864
0.461 1378.66 177.97
0.462 1384.64 176.056
0.463 1390.63 174.12
0.464 1396.64 172.162
0.465 1402.66 170.183
0.466 1408.69 168.182
0.467 1414.74 166.16
0.468 1420.8 164.116
0.469 1426.87 162.049
0.47 1432.95 159.961
0.471 1439.05 157.851
0.472 1445.16 155.719
0.473 1451.29 153.564
0.474 1457.42 151.388
0.475 1463.57 149.188
0.476 1469.73 146.967
0.477 1475.91 144.723
0.478 1482.1 142.457
0.479 1488.3 140.167
0.48 1494.51 137.856
0.481 1500.74 135.521
0.482 1506.98 133.164
0.483 1513.23 130.783
0.484 1519.5 128.38
0.485 1525.78 125.953
0.486 1532.07 123.504
0.487 1538.38 121.031
0.488 1544.69 118.535
0.489 1551.02 116.015
0.49 1557.37 113.472
0.491 1563.73 110.906
0.492 1570.09 108.316
0.493 1576.48 105.702
0.494 1582.87 103.065
0.495 1589.28 100.404
0.496 1595.7 97.7184
0.497 1602.14 95.0092
0.498 1608.58 92.2761
0.499 1615.04 89.5188
0.5 1621.52 86.7373
0.501 1628 83.9316
0.502 1634.5 81.1015
0.503 1641.02 78.247
0.504 1647.54 75.3681
0.505 1654.08 72.4645
0.506 1660.63 69.5364
0.507 1667.19 66.5835
0.508 1673.77 63.6058
0.509 1680.36 60.6033
0.51 1686.96 57.5759
0.511 1693.58 54.5234
0.512 1700.21 51.4459
0.513 1706.85 48.3432
0.514 1713.5 45.2152
0.515 1720.17 42.062
0.516 1726.85 38.8834
0.517 1733.54 35.6793
0.518 1740.25 32.4497
0.519 1746.97 29.1945
0.52 1753.7 25.9137
0.521 1760.45 22.6071
0.522 1767.2 19.2746
0.523 1773.97 15.9163
0.524 1780.76 12.5319
0.525 1787.56 9.12158
0.526 1794.37 5.68509
0.527 1801.19 2.2224
0.528 1808.02 -1.26656
