0 0 0
0.001 0.00868241 0.0492156
0.002 0.0260472 0.107014
0.003 0.0520945 0.173322
0.004 0.0868241 0.248064
0.005 0.130236 0.331167
0.006 0.182331 0.422555
0.007 0.243107 0.522154
0.008 0.312567 0.629891
0.009 0.390708 0.74569
0.01 0.477532 0.869478
0.011 0.573039 1.00118
0.012 0.677228 1.14072
0.013 0.790099 1.28803
0.014 0.911653 1.44302
0.015 1.04189 1.60564
0.016 1.18081 1.77579
0.017 1.32841 1.95342
0.018 1.48469 2.13843
0.019 1.64966 2.33077
0.02 1.82331 2.53035
0.021 2.00564 2.7371
0.022 2.19665 2.95094
0.023 2.39634 3.17181
0.024 2.60472 3.39963
0.025 2.82178 3.63431
0.026 3.04753 3.8758
0.027 3.28195 4.12401
0.028 3.52506 4.37887
0.029 3.77685 4.6403
0.03 4.03732 4.90824
0.031 4.30647 5.1826
0.032 4.58431 5.46332
0.033 4.87083 5.75031
0.034 5.16603 6.0435
0.035 5.46992 6.34283
0.036 5.78248 6.64821
0.037 6.10373 6.95956
0.038 6.43366 7.27683
0.039 6.77228 7.59993
0.04 7.11957 7.92878
0.041 7.47555 8.26332
0.042 7.84021 8.60346
0.043 8.21355 8.94914
0.044 8.59558 9.30028
0.045 8.98628 9.6568
0.046 9.38567 10.0186
0.047 9.79374 10.3857
0.048 10.2105 10.7579
0.049 10.6359 11.1353
0.05 11.07 11.5176
0.051 11.5128 11.9049
0.052 11.9643 12.297
0.053 12.4244 12.6939
0.054 12.8933 13.0955
0.055 13.3708 13.5018
0.056 13.8569 13.9126
0.057 14.3517 14.3279
0.058 14.8552 14.7477
0.059 15.3672 15.1717
0.06 15.8879 15.6
0.061 16.4172 16.0326
0.062 16.955 16.4692
0.063 17.5015 16.91
0.064 18.0567 17.3547
0.065 18.6207 17.8034
0.066 19.1936 18.256
0.067 19.7753 18.7123
0.068 20.3659 19.1725
0.069 20.9653 19.6363
0.07 21.5735 20.1037
0.071 22.1904 20.5746
0.072 22.816 21.049
0.073 23.4504 21.5266
0.074 24.0934 22.0076
0.075 24.7452 22.4917
0.076 25.4056 22.9789
0.077 26.0748 23.4692
0.078 26.7527 23.9624
0.079 27.4392 24.4584
0.08 28.1344 24.9573
0.081 28.8384 25.4589
0.082 29.551 25.9631
0.083 30.2723 26.4699
0.084 31.0023 26.9791
0.085 31.741 27.4908
0.086 32.4884 28.0049
0.087 33.2445 28.5212
0.088 34.0093 29.0397
0.089 34.7828 29.5603
0.09 35.5649 30.083
0.091 36.3558 30.6077
0.092 37.1553 31.1342
0.093 37.9635 31.6626
0.094 38.7805 32.1927
0.095 39.6061 32.7245
0.096 40.4404 33.2579
0.097 41.2834 33.7928
0.098 42.135 34.3292
0.099 42.9954 34.867
0.1 43.8645 35.406
0.101 44.7422 35.9463
0.102 45.6287 36.4878
0.103 46.5238 37.0303
0.104 47.4277 37.5738
0.105 48.3402 38.1183
0.106 49.2614 38.6636
0.107 50.1913 39.2097
0.108 51.1299 39.7565
0.109 52.0772 40.3039
0.11 53.0331 40.852
0.111 53.9978 41.4004
0.112 54.9711 41.9493
0.113 55.9532 42.4986
0.114 56.9439 43.0481
0.115 57.9434 43.5978
0.116 58.9515 44.1476
0.117 59.9683 44.6974
0.118 60.9938 45.2472
0.119 62.028 45.7969
0.12 63.0708 46.3464
0.121 64.1224 46.8956
0.122 65.1827 47.4446
0.123 66.2516 47.9931
0.124 67.3293 48.5411
0.125 68.4156 49.0886
0.126 69.5106 49.6354
0.127 70.6143 50.1815
0.128 71.7267 50.7269
0.129 72.8478 51.2714
0.13 73.9776 51.815
0.131 75.1161 52.3576
0.132 76.2633 52.8991
0.133 77.4191 53.4394
0.134 78.5837 53.9785
0.135 79.7569 54.5163
0.136 80.9388 55.0528
0.137 82.1295 55.5878
0.138 83.3288 56.1213
0.139 84.5368 56.6531
0.14 85.7535 57.1833
0.141 86.9789 57.7118
0.142 88.2129 58.2385
0.143 89.4557 58.7632
0.144 90.7072 59.286
0.145 91.9673 59.8067
0.146 93.2361 60.3253
0.147 94.5137 60.8417
0.148 95.7999 61.3559
0.149 97.0948 61.8677
0.15 98.3984 62.3771
0.151 99.7107 62.884
0.152 101.032 63.3884
0.153 102.361 63.8901
0.154 103.7 64.3891
0.155 105.047 64.8853
0.156 106.402 65.3786
0.157 107.767 65.8691
0.158 109.14 66.3565
0.159 110.522 66.8408
0.16 111.912 67.3219
0.161 113.312 67.7999
0.162 114.719 68.2745
0.163 116.136 68.7457
0.164 117.561 69.2135
0.165 118.995 69.6777
0.166 120.438 70.1384
0.167 121.889 70.5953
0.168 123.349 71.0486
0.169 124.818 71.4979
0.17 126.295 71.9434
0.171 127.782 72.3849
0.172 129.276 72.8224
0.173 130.78 73.2557
0.174 132.292 73.6848
0.175 133.813 74.1097
0.176 135.342 74.5302
0.177 136.881 74.9462
0.178 138.428 75.3578
0.179 139.983 75.7648
0.18 141.548 76.1672
0.181 143.121 76.5648
0.182 144.702 76.9577
0.183 146.293 77.3457
0.184 147.892 77.7287
0.185 149.499 78.1067
0.186 151.116 78.4796
0.187 152.741 78.8474
0.188 154.375 79.2099
0.189 156.017 79.5671
0.19 157.669 79.9189
0.191 159.329 80.2652
0.192 160.997 80.606
0.193 162.675 80.9412
0.194 164.361 81.2707
0.195 166.055 81.5945
0.196 167.759 81.9124
0.197 169.471 82.2244
0.198 171.191 82.5304
0.199 172.921 82.8303
0.2 174.659 83.1242
0.201 176.406 83.4118
0.202 178.161 83.6931
0.203 179.926 83.9681
0.204 181.698 84.2366
0.205 183.48 84.4986
0.206 185.27 84.7541
0.207 187.069 85.0029
0.208 188.877 85.245
0.209 190.693 85.4802
0.21 192.518 85.7086
0.211 194.352 85.93
0.212 196.194 86.1445
0.213 198.046 86.3518
0.214 199.905 86.5519
0.215 201.774 86.7448
0.216 203.651 86.9304
0.217 205.537 87.1085
0.218 207.431 87.2792
0.219 209.335 87.4424
0.22 211.247 87.5979
0.221 213.167 87.7457
0.222 215.097 87.8858
0.223 217.035 88.018
0.224 218.981 88.1423
0.225 220.937 88.2586
0.226 222.901 88.3668
0.227 224.874 88.4669
0.228 226.855 88.5588
0.229 228.845 88.6424
0.23 230.844 88.7176
0.231 232.852 88.7844
0.232 234.868 88.8426
0.233 236.893 88.8923
0.234 238.926 88.9333
0.235 240.969 88.9656
0.236 243.02 88.9891
0.237 245.079 89.0037
0.238 247.148 89.0093
0.239 249.225 89.0059
0.24 251.311 88.9934
0.241 253.405 88.9717
0.242 255.508 88.9407
0.243 257.62 88.9004
0.244 259.741 88.8507
0.245 261.87 88.7916
0.246 264.008 88.7228
0.247 266.154 88.6445
0.248 268.31 88.5564
0.249 270.474 88.4586
0.25 272.646 88.3509
0.251 274.828 88.2333
0.252 277.018 88.1056
0.253 279.216 87.9679
0.254 281.424 87.8201
0.255 283.64 87.662
0.256 285.865 87.4937
0.257 288.098 87.3149
0.258 290.34 87.1257
0.259 292.591 86.926
0.26 294.851 86.7157
0.261 297.119 86.4947
0.262 299.396 86.263
0.263 301.682 86.0205
0.264 303.976 85.7671
0.265 306.279 85.5026
0.266 308.591 85.2272
0.267 310.911 84.9406
0.268 313.24 84.6429
0.269 315.578 84.3339
0.27 317.925 84.0135
0.271 320.28 83.6818
0.272 322.644 83.3385
0.273 325.016 82.9837
0.274 327.397 82.6172
0.275 329.787 82.239
0.276 332.186 81.8491
0.277 334.593 81.4473
0.278 337.009 81.0335
0.279 339.434 80.6078
0.28 341.867 80.1699
0.281 344.309 79.7199
0.282 346.76 79.2577
0.283 349.22 78.7832
0.284 351.688 78.2962
0.285 354.165 77.7969
0.286 356.65 77.285
0.287 359.144 76.7604
0.288 361.647 76.2233
0.289 364.159 75.6733
0.29 366.679 75.1106
0.291 369.208 74.5349
0.292 371.746 73.9462
0.293 374.292 73.3445
0.294 376.847 72.7297
0.295 379.411 72.1017
0.296 381.983 71.4604
0.297 384.565 70.8058
0.298 387.154 70.1377
0.299 389.753 69.4562
0.3 392.36 68.761
0.301 394.976 68.0523
0.302 397.601 67.3298
0.303 400.234 66.5935
0.304 402.876 65.8433
0.305 405.526 65.0792
0.306 408.186 64.3011
0.307 410.854 63.5089
0.308 413.531 62.7026
0.309 416.216 61.8819
0.31 418.91 61.047
0.311 421.613 60.1977
0.312 424.324 59.3339
0.313 427.045 58.4556
0.314 429.773 57.5627
0.315 432.511 56.6551
0.316 435.257 55.7327
0.317 438.012 54.7955
0.318 440.776 53.8434
0.319 443.548 52.8763
0.32 446.329 51.8941
0.321 449.119 50.8968
0.322 451.917 49.8843
0.323 454.724 48.8565
0.324 457.54 47.8134
0.325 460.365 46.7548
0.326 463.198 45.6808
0.327 466.04 44.5911
0.328 468.89 43.4858
0.329 471.749 42.3648
0.33 474.617 41.2279
0.331 477.494 40.0752
0.332 480.379 38.9066
0.333 483.273 37.7219
0.334 486.176 36.5211
0.335 489.087 35.3042
0.336 492.007 34.0709
0.337 494.936 32.8214
0.338 497.873 31.5555
0.339 500.82 30.2731
0.34 503.774 28.9742
0.341 506.738 27.6586
0.342 509.71 26.3263
0.343 512.691 24.9773
0.344 515.681 23.6115
0.345 518.679 22.2287
0.346 521.686 20.8289
0.347 524.702 19.4121
0.348 527.726 17.9781
0.349 530.759 16.5269
0.35 533.801 15.0584
0.351 536.851 13.5725
0.352 539.91 12.0692
0.353 542.978 10.5484
0.354 546.054 9.01006
0.355 549.14 7.45401
0.356 552.234 5.88022
0.357 555.336 4.28863
0.358 558.447 2.67915
0.359 561.567 1.05171
0.36 564.696 -0.593757
