0 0 0
0.001 0.00435779 0.0497849
0.002 0.0130734 0.103829
0.003 0.0261467 0.162056
0.004 0.0435779 0.224394
0.005 0.0653668 0.290767
0.006 0.0915135 0.361102
0.007 0.122018 0.435323
0.008 0.15688 0.513356
0.009 0.1961 0.595128
0.01 0.239678 0.680563
0.011 0.287614 0.769588
0.012 0.339907 0.862127
0.013 0.396559 0.958107
0.014 0.457568 1.05745
0.015 0.522934 1.16009
0.016 0.592659 1.26595
0.017 0.666741 1.37495
0.018 0.745182 1.48701
0.019 0.82798 1.60207
0.02 0.915135 1.72006
0.021 1.00665 1.84088
0.022 1.10252 1.96448
0.023 1.20275 2.09078
0.024 1.30734 2.21969
0.025 1.41628 2.35116
0.026 1.52958 2.4851
0.027 1.64724 2.62144
0.028 1.76926 2.7601
0.029 1.89564 2.90102
0.03 2.02637 3.04411
0.031 2.16146 3.1893
0.032 2.30091 3.33652
0.033 2.44472 3.4857
0.034 2.59288 3.63675
0.035 2.74541 3.7896
0.036 2.90229 3.94419
0.037 3.06352 4.10043
0.038 3.22912 4.25826
0.039 3.39907 4.41759
0.04 3.57339 4.57835
0.041 3.75205 4.74047
0.042 3.93508 4.90388
0.043 4.12247 5.06849
0.044 4.31421 5.23424
0.045 4.51031 5.40105
0.046 4.71077 5.56885
0.047 4.91558 5.73756
0.048 5.12475 5.9071
0.049 5.33829 6.07741
0.05 5.55617 6.24841
0.051 5.77842 6.42002
0.052 6.00502 6.59217
0.053 6.23598 6.76479
0.054 6.4713 6.9378
0.055 6.71097 7.11112
0.056 6.95499 7.28468
0.057 7.20336 7.45841
0.058 7.45608 7.63223
0.059 7.71312 7.80606
0.06 7.97446 7.97984
0.061 8.24002 8.1535
0.062 8.50969 8.32709
0.063 8.78337 8.50079
0.064 9.06145 8.67474
0.065 9.34463 8.84834
0.066 9.63296 9.02131
0.067 9.9261 9.19385
0.068 10.2238 9.36594
0.069 10.526 9.53745
0.07 10.8326 9.70824
0.071 11.1437 9.87822
0.072 11.4591 10.0473
0.073 11.7789 10.2154
0.074 12.1031 10.3824
0.075 12.4317 10.5483
0.076 12.7646 10.713
0.077 13.102 10.8763
0.078 13.4437 11.0383
0.079 13.7898 11.1989
0.08 14.1403 11.3579
0.081 14.4952 11.5153
0.082 14.8544 11.6711
0.083 15.218 11.8252
0.084 15.5861 11.9774
0.085 15.9584 12.1277
0.086 16.3352 12.2761
0.087 16.7164 12.4224
0.088 17.1019 12.5666
0.089 17.4918 12.7086
0.09 17.8861 12.8484
0.091 18.2848 12.9858
0.092 18.6879 13.1208
0.093 19.0953 13.2533
0.094 19.5072 13.3833
0.095 19.9234 13.5106
0.096 20.344 13.6353
0.097 20.7689 13.7571
0.098 21.1983 13.8761
0.099 21.632 13.9921
0.1 22.0701 14.1052
0.101 22.5126 14.2151
0.102 22.9595 14.3219
0.103 23.4108 14.4255
0.104 23.8664 14.5258
0.105 24.3264 14.6227
0.106 24.7908 14.7161
0.107 25.2596 14.806
0.108 25.7328 14.8924
0.109 26.2103 14.975
0.11 26.6922 15.0539
0.111 27.1785 15.129
0.112 27.6692 15.2001
0.113 28.1643 15.2673
0.114 28.6637 15.3305
0.115 29.1676 15.3895
0.116 29.6758 15.4443
0.117 30.1884 15.4949
0.118 30.7053 15.5411
0.119 31.2267 15.5829
0.12 31.7524 15.6202
0.121 32.2826 15.6529
0.122 32.8171 15.681
0.123 33.3559 15.7044
0.124 33.8992 15.7229
0.125 34.4468 15.7367
0.126 34.9989 15.7454
0.127 35.5553 15.7492
0.128 36.116 15.7479
0.129 36.6812 15.7414
0.13 37.2508 15.7297
0.131 37.8247 15.7126
0.132 38.403 15.6902
0.133 38.9857 15.6623
0.134 39.5728 15.6289
0.135 40.1642 15.5899
0.136 40.76 15.5451
0.137 41.3603 15.4947
0.138 41.9649 15.4384
0.139 42.5738 15.3762
0.14 43.1872 15.308
0.141 43.8049 15.2337
0.142 44.4271 15.1533
0.143 45.0536 15.0668
0.144 45.6844 14.9739
0.145 46.3197 14.8747
0.146 46.9594 14.769
0.147 47.6034 14.6569
0.148 48.2518 14.5382
0.149 48.9046 14.4128
0.15 49.5617 14.2807
0.151 50.2233 14.1418
0.152 50.8892 13.9961
0.153 51.5595 13.8434
0.154 52.2342 13.6836
0.155 52.9133 13.5168
0.156 53.5968 13.3428
0.157 54.2846 13.1615
0.158 54.9768 12.973
0.159 55.6734 12.777
0.16 56.3744 12.5736
0.161 57.0798 12.3626
0.162 57.7895 12.144
0.163 58.5036 11.9177
0.164 59.2222 11.6837
0.165 59.945 11.4418
0.166 60.6723 11.192
0.167 61.404 10.9342
0.168 62.14 10.6683
0.169 62.8804 10.3943
0.17 63.6252 10.1121
0.171 64.3744 9.82164
0.172 65.1279 9.52278
0.173 65.8859 9.21549
0.174 66.6482 8.89969
0.175 67.4149 8.57531
0.176 68.186 8.24227
0.177 68.9614 7.9005
0.178 69.7413 7.54991
0.179 70.5255 7.19045
0.18 71.3141 6.82203
0.181 72.1071 6.44458
0.182 72.9044 6.05803
0.183 73.7062 5.6623
0.184 74.5123 5.25731
0.185 75.3228 4.843
0.186 76.1377 4.41928
0.187 76.957 3.98609
0.188 77.7806 3.54335
0.189 78.6087 3.09098
0.19 79.4411 2.62891
0.191 80.2779 2.15707
0.192 81.1191 1.67538
0.193 81.9646 1.18377
0.194 82.8146 0.682157
0.195 83.6689 0.170476
0.196 84.5276 -0.351352
