0 0 0
0.001 3.06162e-18 0.0499752
0.002 9.18182e-18 0.0998513
0.003 1.8353e-17 0.149554
0.004 3.0563e-17 0.199008
0.005 4.57952e-17 0.248141
0.006 6.40283e-17 0.296876
0.007 8.52365e-17 0.345141
0.008 1.09389e-16 0.39286
0.009 1.36452e-16 0.43996
0.01 1.66385e-16 0.486366
0.011 1.99145e-16 0.532002
0.012 2.34682e-16 0.576797
0.013 2.72944e-16 0.620673
0.014 3.13872e-16 0.663559
0.015 3.57406e-16 0.705378
0.016 4.03477e-16 0.746057
0.017 4.52015e-16 0.785521
0.018 5.02944e-16 0.823696
0.019 5.56183e-16 0.860508
0.02 6.11647e-16 0.895882
0.021 6.69247e-16 0.929744
0.022 7.28888e-16 0.962019
0.023 7.90472e-16 0.992633
0.024 8.53896e-16 1.02151
0.025 9.19052e-16 1.04858
0.026 9.85828e-16 1.07377
0.027 1.05411e-15 1.09699
0.028 1.12376e-15 1.11819
0.029 1.19468e-15 1.13727
0.03 1.26672e-15 1.15418
0.031 1.33975e-15 1.16883
0.032 1.41363e-15 1.18115
0.033 1.48821e-15 1.19106
0.034 1.56335e-15 1.1985
0.035 1.6389e-15 1.20338
0.036 1.71469e-15 1.20563
0.037 1.79056e-15 1.20519
0.038 1.86635e-15 1.20196
0.039 1.94189e-15 1.19589
0.04 2.01699e-15 1.18689
0.041 2.09149e-15 1.17489
0.042 2.16518e-15 1.15981
0.043 2.23789e-15 1.14159
0.044 2.30942e-15 1.12015
0.045 2.37957e-15 1.09541
0.046 2.44813e-15 1.06729
0.047 2.51491e-15 1.03573
0.048 2.57968e-15 1.00065
0.049 2.64223e-15 0.96198
0.05 2.70233e-15 0.919638
0.051 2.75977e-15 0.873551
0.052 2.81431e-15 0.823648
0.053 2.86571e-15 0.769852
0.054 2.91374e-15 0.71209
0.055 2.95815e-15 0.650287
0.056 2.99869e-15 0.584369
0.057 3.03512e-15 0.514261
0.058 3.06716e-15 0.43989
0.059 3.09456e-15 0.36118
0.06 3.11705e-15 0.278058
0.061 3.13436e-15 0.190449
0.062 3.14621e-15 0.0982781
0.063 3.15233e-15 0.00147168
0.064 3.15839e-15 -0.100045
